54 20 5
0.35913521572701879 0.42173083779682696 0.75815582013291394 0.67337826952568225 0.47377668542133627
0.43296974950646916 0.61881612751103288 0.33071392992259935 0.67092923081023481 0.85926200568895594
0.37377200024069968 0.86421680628332265 0.6670662171702606 0.26712855491587845 0.50928776631746886
0.82053594352926229 0.6882174499174154 0.42853100484907847 0.7137497143310465 0.35409446888184037
0.25711619867954572 0.31192692075253325 0.43807012946829371 0.52563520759143567 0.38649471980353967
0.77104348239736487 0.33530607250264616 0.29062835332404019 0.26416532608145515 0.61899760956543926
0.79831933306180081 0.62113486918559913 0.85239185279518837 0.70734695276441406 0.80238592217530469
0.8505364611027213 0.5823302063576471 0.85637107113742972 0.54649155805517702 0.39164122774299126
0.51624509523233253 0.6655272463796712 0.43162365132693825 0.83241780476576732 0.37995192269357403
0.43787983632722388 0.38119737905004913 0.44881253596100024 0.20351563360199226 0.64002318086977505
0.39766789519758283 0.24766138264156204 0.6317802840794664 0.32342842419684242 0.41307187105371274
0.50862076761328257 0.30514163874389055 0.35255020415980454 0.53203318073348116 0.5334581985568343
0.37866264767365021 0.40829568770363367 0.39534698386963663 0.3824054487439083 0.53793311495952101
0.34838532544605744 0.54694141767112847 0.3723829280815163 0.78693785672686123 0.32609141306652456
0.80350940405646543 0.32480961139163123 0.72537193235607078 0.62778428268139563 0.34640852445002512
0.7319106947867966 0.37448239867443878 0.25990021239059058 0.63263970562266358 0.57587783172263485
0.64416869785069297 0.3220618760839718 0.37371514289951668 0.67937608924757942 0.25661015237563523
0.81255152052928836 0.5000860670779943 0.63287593677816445 0.41917385292958387 0.32527399870500728
0.20679848945681684 0.34703007091391713 0.80900047514015649 0.88098086167829104 0.50925464023377165
0.46512464636647732 0.39316295688770508 0.87627287646410923 0.24074182368609079 0.48611372920329837
0.700000
1
0.69999999999999996
0.69999999999999996 0.69999999999999996 0.69999999999999996 0.69999999999999996 0.69999999999999996 0.69999999999999996 0.69999999999999996 0.69999999999999996 0.69999999999999996 0.69999999999999996 0.69999999999999996 0.69999999999999996 0.69999999999999996 0.69999999999999996 0.69999999999999996 0.69999999999999996 0.69999999999999996 0.69999999999999996 0.69999999999999996 0.69999999999999996
1
1
1
1
1
1
1
1
1
1
1
1
1
1
1
1
1
1
1
1
0
0
0
0
0
0
0
0
0
0
0
0
0
0
0
0
0
0
0
0
sin(1.200000)
1
1.2
0.93203908596722629 0.93203908596722629 0.93203908596722629 0.93203908596722629 0.93203908596722629 0.93203908596722629 0.93203908596722629 0.93203908596722629 0.93203908596722629 0.93203908596722629 0.93203908596722629 0.93203908596722629 0.93203908596722629 0.93203908596722629 0.93203908596722629 0.93203908596722629 0.93203908596722629 0.93203908596722629 0.93203908596722629 0.93203908596722629
0.36235775447667362
0.36235775447667362
0.36235775447667362
0.36235775447667362
0.36235775447667362
0.36235775447667362
0.36235775447667362
0.36235775447667362
0.36235775447667362
0.36235775447667362
0.36235775447667362
0.36235775447667362
0.36235775447667362
0.36235775447667362
0.36235775447667362
0.36235775447667362
0.36235775447667362
0.36235775447667362
0.36235775447667362
0.36235775447667362
-0.93203908596722629
-0.93203908596722629
-0.93203908596722629
-0.93203908596722629
-0.93203908596722629
-0.93203908596722629
-0.93203908596722629
-0.93203908596722629
-0.93203908596722629
-0.93203908596722629
-0.93203908596722629
-0.93203908596722629
-0.93203908596722629
-0.93203908596722629
-0.93203908596722629
-0.93203908596722629
-0.93203908596722629
-0.93203908596722629
-0.93203908596722629
-0.93203908596722629
cos(0.800000)
1
0.80000000000000004
0.69670670934716539 0.69670670934716539 0.69670670934716539 0.69670670934716539 0.69670670934716539 0.69670670934716539 0.69670670934716539 0.69670670934716539 0.69670670934716539 0.69670670934716539 0.69670670934716539 0.69670670934716539 0.69670670934716539 0.69670670934716539 0.69670670934716539 0.69670670934716539 0.69670670934716539 0.69670670934716539 0.69670670934716539 0.69670670934716539
-0.71735609089952279
-0.71735609089952279
-0.71735609089952279
-0.71735609089952279
-0.71735609089952279
-0.71735609089952279
-0.71735609089952279
-0.71735609089952279
-0.71735609089952279
-0.71735609089952279
-0.71735609089952279
-0.71735609089952279
-0.71735609089952279
-0.71735609089952279
-0.71735609089952279
-0.71735609089952279
-0.71735609089952279
-0.71735609089952279
-0.71735609089952279
-0.71735609089952279
-0.69670670934716539
-0.69670670934716539
-0.69670670934716539
-0.69670670934716539
-0.69670670934716539
-0.69670670934716539
-0.69670670934716539
-0.69670670934716539
-0.69670670934716539
-0.69670670934716539
-0.69670670934716539
-0.69670670934716539
-0.69670670934716539
-0.69670670934716539
-0.69670670934716539
-0.69670670934716539
-0.69670670934716539
-0.69670670934716539
-0.69670670934716539
-0.69670670934716539
exp(0.500000)
1
0.5
1.6487212707001282 1.6487212707001282 1.6487212707001282 1.6487212707001282 1.6487212707001282 1.6487212707001282 1.6487212707001282 1.6487212707001282 1.6487212707001282 1.6487212707001282 1.6487212707001282 1.6487212707001282 1.6487212707001282 1.6487212707001282 1.6487212707001282 1.6487212707001282 1.6487212707001282 1.6487212707001282 1.6487212707001282 1.6487212707001282
1.6487212707001282
1.6487212707001282
1.6487212707001282
1.6487212707001282
1.6487212707001282
1.6487212707001282
1.6487212707001282
1.6487212707001282
1.6487212707001282
1.6487212707001282
1.6487212707001282
1.6487212707001282
1.6487212707001282
1.6487212707001282
1.6487212707001282
1.6487212707001282
1.6487212707001282
1.6487212707001282
1.6487212707001282
1.6487212707001282
1.6487212707001282
1.6487212707001282
1.6487212707001282
1.6487212707001282
1.6487212707001282
1.6487212707001282
1.6487212707001282
1.6487212707001282
1.6487212707001282
1.6487212707001282
1.6487212707001282
1.6487212707001282
1.6487212707001282
1.6487212707001282
1.6487212707001282
1.6487212707001282
1.6487212707001282
1.6487212707001282
1.6487212707001282
1.6487212707001282
log(1.700000)
1
1.7
0.53062825106217038 0.53062825106217038 0.53062825106217038 0.53062825106217038 0.53062825106217038 0.53062825106217038 0.53062825106217038 0.53062825106217038 0.53062825106217038 0.53062825106217038 0.53062825106217038 0.53062825106217038 0.53062825106217038 0.53062825106217038 0.53062825106217038 0.53062825106217038 0.53062825106217038 0.53062825106217038 0.53062825106217038 0.53062825106217038
0.58823529411764708
0.58823529411764708
0.58823529411764708
0.58823529411764708
0.58823529411764708
0.58823529411764708
0.58823529411764708
0.58823529411764708
0.58823529411764708
0.58823529411764708
0.58823529411764708
0.58823529411764708
0.58823529411764708
0.58823529411764708
0.58823529411764708
0.58823529411764708
0.58823529411764708
0.58823529411764708
0.58823529411764708
0.58823529411764708
-0.34602076124567477
-0.34602076124567477
-0.34602076124567477
-0.34602076124567477
-0.34602076124567477
-0.34602076124567477
-0.34602076124567477
-0.34602076124567477
-0.34602076124567477
-0.34602076124567477
-0.34602076124567477
-0.34602076124567477
-0.34602076124567477
-0.34602076124567477
-0.34602076124567477
-0.34602076124567477
-0.34602076124567477
-0.34602076124567477
-0.34602076124567477
-0.34602076124567477
sqrt(2.300000)
1
2.2999999999999998
1.51657508881031 1.51657508881031 1.51657508881031 1.51657508881031 1.51657508881031 1.51657508881031 1.51657508881031 1.51657508881031 1.51657508881031 1.51657508881031 1.51657508881031 1.51657508881031 1.51657508881031 1.51657508881031 1.51657508881031 1.51657508881031 1.51657508881031 1.51657508881031 1.51657508881031 1.51657508881031
0.32969023669789355
0.32969023669789355
0.32969023669789355
0.32969023669789355
0.32969023669789355
0.32969023669789355
0.32969023669789355
0.32969023669789355
0.32969023669789355
0.32969023669789355
0.32969023669789355
0.32969023669789355
0.32969023669789355
0.32969023669789355
0.32969023669789355
0.32969023669789355
0.32969023669789355
0.32969023669789355
0.32969023669789355
0.32969023669789355
-0.071671790586498599
-0.071671790586498599
-0.071671790586498599
-0.071671790586498599
-0.071671790586498599
-0.071671790586498599
-0.071671790586498599
-0.071671790586498599
-0.071671790586498599
-0.071671790586498599
-0.071671790586498599
-0.071671790586498599
-0.071671790586498599
-0.071671790586498599
-0.071671790586498599
-0.071671790586498599
-0.071671790586498599
-0.071671790586498599
-0.071671790586498599
-0.071671790586498599
square(1.100000)
1
1.1000000000000001
1.2100000000000002 1.2100000000000002 1.2100000000000002 1.2100000000000002 1.2100000000000002 1.2100000000000002 1.2100000000000002 1.2100000000000002 1.2100000000000002 1.2100000000000002 1.2100000000000002 1.2100000000000002 1.2100000000000002 1.2100000000000002 1.2100000000000002 1.2100000000000002 1.2100000000000002 1.2100000000000002 1.2100000000000002 1.2100000000000002
2.2000000000000002
2.2000000000000002
2.2000000000000002
2.2000000000000002
2.2000000000000002
2.2000000000000002
2.2000000000000002
2.2000000000000002
2.2000000000000002
2.2000000000000002
2.2000000000000002
2.2000000000000002
2.2000000000000002
2.2000000000000002
2.2000000000000002
2.2000000000000002
2.2000000000000002
2.2000000000000002
2.2000000000000002
2.2000000000000002
2
2
2
2
2
2
2
2
2
2
2
2
2
2
2
2
2
2
2
2
tan(0.300000)
1
0.29999999999999999
0.30933624960962325 0.30933624960962325 0.30933624960962325 0.30933624960962325 0.30933624960962325 0.30933624960962325 0.30933624960962325 0.30933624960962325 0.30933624960962325 0.30933624960962325 0.30933624960962325 0.30933624960962325 0.30933624960962325 0.30933624960962325 0.30933624960962325 0.30933624960962325 0.30933624960962325 0.30933624960962325 0.30933624960962325 0.30933624960962325
1.0956889153225471
1.0956889153225471
1.0956889153225471
1.0956889153225471
1.0956889153225471
1.0956889153225471
1.0956889153225471
1.0956889153225471
1.0956889153225471
1.0956889153225471
1.0956889153225471
1.0956889153225471
1.0956889153225471
1.0956889153225471
1.0956889153225471
1.0956889153225471
1.0956889153225471
1.0956889153225471
1.0956889153225471
1.0956889153225471
0.67787259960942559
0.67787259960942559
0.67787259960942559
0.67787259960942559
0.67787259960942559
0.67787259960942559
0.67787259960942559
0.67787259960942559
0.67787259960942559
0.67787259960942559
0.67787259960942559
0.67787259960942559
0.67787259960942559
0.67787259960942559
0.67787259960942559
0.67787259960942559
0.67787259960942559
0.67787259960942559
0.67787259960942559
0.67787259960942559
tanh(0.900000)
1
0.90000000000000002
0.71629787019902458 0.71629787019902458 0.71629787019902458 0.71629787019902458 0.71629787019902458 0.71629787019902458 0.71629787019902458 0.71629787019902458 0.71629787019902458 0.71629787019902458 0.71629787019902458 0.71629787019902458 0.71629787019902458 0.71629787019902458 0.71629787019902458 0.71629787019902458 0.71629787019902458 0.71629787019902458 0.71629787019902458 0.71629787019902458
0.48691736114834133
0.48691736114834133
0.48691736114834133
0.48691736114834133
0.48691736114834133
0.48691736114834133
0.48691736114834133
0.48691736114834133
0.48691736114834133
0.48691736114834133
0.48691736114834133
0.48691736114834133
0.48691736114834133
0.48691736114834133
0.48691736114834133
0.48691736114834133
0.48691736114834133
0.48691736114834133
0.48691736114834133
0.48691736114834133
-0.69755573750697231
-0.69755573750697231
-0.69755573750697231
-0.69755573750697231
-0.69755573750697231
-0.69755573750697231
-0.69755573750697231
-0.69755573750697231
-0.69755573750697231
-0.69755573750697231
-0.69755573750697231
-0.69755573750697231
-0.69755573750697231
-0.69755573750697231
-0.69755573750697231
-0.69755573750697231
-0.69755573750697231
-0.69755573750697231
-0.69755573750697231
-0.69755573750697231
sinh(0.400000)
1
0.40000000000000002
0.41075232580281551 0.41075232580281551 0.41075232580281551 0.41075232580281551 0.41075232580281551 0.41075232580281551 0.41075232580281551 0.41075232580281551 0.41075232580281551 0.41075232580281551 0.41075232580281551 0.41075232580281551 0.41075232580281551 0.41075232580281551 0.41075232580281551 0.41075232580281551 0.41075232580281551 0.41075232580281551 0.41075232580281551 0.41075232580281551
1.0810723718384549
1.0810723718384549
1.0810723718384549
1.0810723718384549
1.0810723718384549
1.0810723718384549
1.0810723718384549
1.0810723718384549
1.0810723718384549
1.0810723718384549
1.0810723718384549
1.0810723718384549
1.0810723718384549
1.0810723718384549
1.0810723718384549
1.0810723718384549
1.0810723718384549
1.0810723718384549
1.0810723718384549
1.0810723718384549
0.41075232580281551
0.41075232580281551
0.41075232580281551
0.41075232580281551
0.41075232580281551
0.41075232580281551
0.41075232580281551
0.41075232580281551
0.41075232580281551
0.41075232580281551
0.41075232580281551
0.41075232580281551
0.41075232580281551
0.41075232580281551
0.41075232580281551
0.41075232580281551
0.41075232580281551
0.41075232580281551
0.41075232580281551
0.41075232580281551
cosh(0.600000)
1
0.59999999999999998
1.1854652182422676 1.1854652182422676 1.1854652182422676 1.1854652182422676 1.1854652182422676 1.1854652182422676 1.1854652182422676 1.1854652182422676 1.1854652182422676 1.1854652182422676 1.1854652182422676 1.1854652182422676 1.1854652182422676 1.1854652182422676 1.1854652182422676 1.1854652182422676 1.1854652182422676 1.1854652182422676 1.1854652182422676 1.1854652182422676
0.63665358214824119
0.63665358214824119
0.63665358214824119
0.63665358214824119
0.63665358214824119
0.63665358214824119
0.63665358214824119
0.63665358214824119
0.63665358214824119
0.63665358214824119
0.63665358214824119
0.63665358214824119
0.63665358214824119
0.63665358214824119
0.63665358214824119
0.63665358214824119
0.63665358214824119
0.63665358214824119
0.63665358214824119
0.63665358214824119
1.1854652182422676
1.1854652182422676
1.1854652182422676
1.1854652182422676
1.1854652182422676
1.1854652182422676
1.1854652182422676
1.1854652182422676
1.1854652182422676
1.1854652182422676
1.1854652182422676
1.1854652182422676
1.1854652182422676
1.1854652182422676
1.1854652182422676
1.1854652182422676
1.1854652182422676
1.1854652182422676
1.1854652182422676
1.1854652182422676
asin(0.350000)
1
0.34999999999999998
0.35757110364551026 0.35757110364551026 0.35757110364551026 0.35757110364551026 0.35757110364551026 0.35757110364551026 0.35757110364551026 0.35757110364551026 0.35757110364551026 0.35757110364551026 0.35757110364551026 0.35757110364551026 0.35757110364551026 0.35757110364551026 0.35757110364551026 0.35757110364551026 0.35757110364551026 0.35757110364551026 0.35757110364551026 0.35757110364551026
1.0675210253672476
1.0675210253672476
1.0675210253672476
1.0675210253672476
1.0675210253672476
1.0675210253672476
1.0675210253672476
1.0675210253672476
1.0675210253672476
1.0675210253672476
1.0675210253672476
1.0675210253672476
1.0675210253672476
1.0675210253672476
1.0675210253672476
1.0675210253672476
1.0675210253672476
1.0675210253672476
1.0675210253672476
1.0675210253672476
0.42579186196984231
0.42579186196984231
0.42579186196984231
0.42579186196984231
0.42579186196984231
0.42579186196984231
0.42579186196984231
0.42579186196984231
0.42579186196984231
0.42579186196984231
0.42579186196984231
0.42579186196984231
0.42579186196984231
0.42579186196984231
0.42579186196984231
0.42579186196984231
0.42579186196984231
0.42579186196984231
0.42579186196984231
0.42579186196984231
acos(0.450000)
1
0.45000000000000001
1.1040309877476002 1.1040309877476002 1.1040309877476002 1.1040309877476002 1.1040309877476002 1.1040309877476002 1.1040309877476002 1.1040309877476002 1.1040309877476002 1.1040309877476002 1.1040309877476002 1.1040309877476002 1.1040309877476002 1.1040309877476002 1.1040309877476002 1.1040309877476002 1.1040309877476002 1.1040309877476002 1.1040309877476002 1.1040309877476002
-1.1197850219117087
-1.1197850219117087
-1.1197850219117087
-1.1197850219117087
-1.1197850219117087
-1.1197850219117087
-1.1197850219117087
-1.1197850219117087
-1.1197850219117087
-1.1197850219117087
-1.1197850219117087
-1.1197850219117087
-1.1197850219117087
-1.1197850219117087
-1.1197850219117087
-1.1197850219117087
-1.1197850219117087
-1.1197850219117087
-1.1197850219117087
-1.1197850219117087
-0.63185361737964751
-0.63185361737964751
-0.63185361737964751
-0.63185361737964751
-0.63185361737964751
-0.63185361737964751
-0.63185361737964751
-0.63185361737964751
-0.63185361737964751
-0.63185361737964751
-0.63185361737964751
-0.63185361737964751
-0.63185361737964751
-0.63185361737964751
-0.63185361737964751
-0.63185361737964751
-0.63185361737964751
-0.63185361737964751
-0.63185361737964751
-0.63185361737964751
atan(1.400000)
1
1.3999999999999999
0.95054684081207508 0.95054684081207508 0.95054684081207508 0.95054684081207508 0.95054684081207508 0.95054684081207508 0.95054684081207508 0.95054684081207508 0.95054684081207508 0.95054684081207508 0.95054684081207508 0.95054684081207508 0.95054684081207508 0.95054684081207508 0.95054684081207508 0.95054684081207508 0.95054684081207508 0.95054684081207508 0.95054684081207508 0.95054684081207508
0.33783783783783783
0.33783783783783783
0.33783783783783783
0.33783783783783783
0.33783783783783783
0.33783783783783783
0.33783783783783783
0.33783783783783783
0.33783783783783783
0.33783783783783783
0.33783783783783783
0.33783783783783783
0.33783783783783783
0.33783783783783783
0.33783783783783783
0.33783783783783783
0.33783783783783783
0.33783783783783783
0.33783783783783783
0.33783783783783783
-0.31957633308984662
-0.31957633308984662
-0.31957633308984662
-0.31957633308984662
-0.31957633308984662
-0.31957633308984662
-0.31957633308984662
-0.31957633308984662
-0.31957633308984662
-0.31957633308984662
-0.31957633308984662
-0.31957633308984662
-0.31957633308984662
-0.31957633308984662
-0.31957633308984662
-0.31957633308984662
-0.31957633308984662
-0.31957633308984662
-0.31957633308984662
-0.31957633308984662
cbrt(1.900000)
1
1.8999999999999999
1.2385623296301707 1.2385623296301707 1.2385623296301707 1.2385623296301707 1.2385623296301707 1.2385623296301707 1.2385623296301707 1.2385623296301707 1.2385623296301707 1.2385623296301707 1.2385623296301707 1.2385623296301707 1.2385623296301707 1.2385623296301707 1.2385623296301707 1.2385623296301707 1.2385623296301707 1.2385623296301707 1.2385623296301707 1.2385623296301707
0.21729163677722299
0.21729163677722299
0.21729163677722299
0.21729163677722299
0.21729163677722299
0.21729163677722299
0.21729163677722299
0.21729163677722299
0.21729163677722299
0.21729163677722299
0.21729163677722299
0.21729163677722299
0.21729163677722299
0.21729163677722299
0.21729163677722299
0.21729163677722299
0.21729163677722299
0.21729163677722299
0.21729163677722299
0.21729163677722299
-0.076242679570955457
-0.076242679570955457
-0.076242679570955457
-0.076242679570955457
-0.076242679570955457
-0.076242679570955457
-0.076242679570955457
-0.076242679570955457
-0.076242679570955457
-0.076242679570955457
-0.076242679570955457
-0.076242679570955457
-0.076242679570955457
-0.076242679570955457
-0.076242679570955457
-0.076242679570955457
-0.076242679570955457
-0.076242679570955457
-0.076242679570955457
-0.076242679570955457
log1p(0.650000)
1
0.65000000000000002
0.50077528791248915 0.50077528791248915 0.50077528791248915 0.50077528791248915 0.50077528791248915 0.50077528791248915 0.50077528791248915 0.50077528791248915 0.50077528791248915 0.50077528791248915 0.50077528791248915 0.50077528791248915 0.50077528791248915 0.50077528791248915 0.50077528791248915 0.50077528791248915 0.50077528791248915 0.50077528791248915 0.50077528791248915 0.50077528791248915
0.60606060606060608
0.60606060606060608
0.60606060606060608
0.60606060606060608
0.60606060606060608
0.60606060606060608
0.60606060606060608
0.60606060606060608
0.60606060606060608
0.60606060606060608
0.60606060606060608
0.60606060606060608
0.60606060606060608
0.60606060606060608
0.60606060606060608
0.60606060606060608
0.60606060606060608
0.60606060606060608
0.60606060606060608
0.60606060606060608
-0.36730945821854916
-0.36730945821854916
-0.36730945821854916
-0.36730945821854916
-0.36730945821854916
-0.36730945821854916
-0.36730945821854916
-0.36730945821854916
-0.36730945821854916
-0.36730945821854916
-0.36730945821854916
-0.36730945821854916
-0.36730945821854916
-0.36730945821854916
-0.36730945821854916
-0.36730945821854916
-0.36730945821854916
-0.36730945821854916
-0.36730945821854916
-0.36730945821854916
logabs(1.300000)
1
1.3
0.26236426446749106 0.26236426446749106 0.26236426446749106 0.26236426446749106 0.26236426446749106 0.26236426446749106 0.26236426446749106 0.26236426446749106 0.26236426446749106 0.26236426446749106 0.26236426446749106 0.26236426446749106 0.26236426446749106 0.26236426446749106 0.26236426446749106 0.26236426446749106 0.26236426446749106 0.26236426446749106 0.26236426446749106 0.26236426446749106
0.76923076923076916
0.76923076923076916
0.76923076923076916
0.76923076923076916
0.76923076923076916
0.76923076923076916
0.76923076923076916
0.76923076923076916
0.76923076923076916
0.76923076923076916
0.76923076923076916
0.76923076923076916
0.76923076923076916
0.76923076923076916
0.76923076923076916
0.76923076923076916
0.76923076923076916
0.76923076923076916
0.76923076923076916
0.76923076923076916
-0.59171597633136086
-0.59171597633136086
-0.59171597633136086
-0.59171597633136086
-0.59171597633136086
-0.59171597633136086
-0.59171597633136086
-0.59171597633136086
-0.59171597633136086
-0.59171597633136086
-0.59171597633136086
-0.59171597633136086
-0.59171597633136086
-0.59171597633136086
-0.59171597633136086
-0.59171597633136086
-0.59171597633136086
-0.59171597633136086
-0.59171597633136086
-0.59171597633136086
(1.500000 + 2.100000)
2
1.5 2.1000000000000001
3.6000000000000001 3.6000000000000001 3.6000000000000001 3.6000000000000001 3.6000000000000001 3.6000000000000001 3.6000000000000001 3.6000000000000001 3.6000000000000001 3.6000000000000001 3.6000000000000001 3.6000000000000001 3.6000000000000001 3.6000000000000001 3.6000000000000001 3.6000000000000001 3.6000000000000001 3.6000000000000001 3.6000000000000001 3.6000000000000001
1 1
1 1
1 1
1 1
1 1
1 1
1 1
1 1
1 1
1 1
1 1
1 1
1 1
1 1
1 1
1 1
1 1
1 1
1 1
1 1
0 0 0
0 0 0
0 0 0
0 0 0
0 0 0
0 0 0
0 0 0
0 0 0
0 0 0
0 0 0
0 0 0
0 0 0
0 0 0
0 0 0
0 0 0
0 0 0
0 0 0
0 0 0
0 0 0
0 0 0
(1.500000 - 2.100000)
2
1.5 2.1000000000000001
-0.60000000000000009 -0.60000000000000009 -0.60000000000000009 -0.60000000000000009 -0.60000000000000009 -0.60000000000000009 -0.60000000000000009 -0.60000000000000009 -0.60000000000000009 -0.60000000000000009 -0.60000000000000009 -0.60000000000000009 -0.60000000000000009 -0.60000000000000009 -0.60000000000000009 -0.60000000000000009 -0.60000000000000009 -0.60000000000000009 -0.60000000000000009 -0.60000000000000009
1 -1
1 -1
1 -1
1 -1
1 -1
1 -1
1 -1
1 -1
1 -1
1 -1
1 -1
1 -1
1 -1
1 -1
1 -1
1 -1
1 -1
1 -1
1 -1
1 -1
0 0 0
0 0 0
0 0 0
0 0 0
0 0 0
0 0 0
0 0 0
0 0 0
0 0 0
0 0 0
0 0 0
0 0 0
0 0 0
0 0 0
0 0 0
0 0 0
0 0 0
0 0 0
0 0 0
0 0 0
(1.500000 * 2.100000)
2
1.5 2.1000000000000001
3.1500000000000004 3.1500000000000004 3.1500000000000004 3.1500000000000004 3.1500000000000004 3.1500000000000004 3.1500000000000004 3.1500000000000004 3.1500000000000004 3.1500000000000004 3.1500000000000004 3.1500000000000004 3.1500000000000004 3.1500000000000004 3.1500000000000004 3.1500000000000004 3.1500000000000004 3.1500000000000004 3.1500000000000004 3.1500000000000004
2.1000000000000001 1.5
2.1000000000000001 1.5
2.1000000000000001 1.5
2.1000000000000001 1.5
2.1000000000000001 1.5
2.1000000000000001 1.5
2.1000000000000001 1.5
2.1000000000000001 1.5
2.1000000000000001 1.5
2.1000000000000001 1.5
2.1000000000000001 1.5
2.1000000000000001 1.5
2.1000000000000001 1.5
2.1000000000000001 1.5
2.1000000000000001 1.5
2.1000000000000001 1.5
2.1000000000000001 1.5
2.1000000000000001 1.5
2.1000000000000001 1.5
2.1000000000000001 1.5
0 1 0
0 1 0
0 1 0
0 1 0
0 1 0
0 1 0
0 1 0
0 1 0
0 1 0
0 1 0
0 1 0
0 1 0
0 1 0
0 1 0
0 1 0
0 1 0
0 1 0
0 1 0
0 1 0
0 1 0
(1.500000 / 2.100000)
2
1.5 2.1000000000000001
0.7142857142857143 0.7142857142857143 0.7142857142857143 0.7142857142857143 0.7142857142857143 0.7142857142857143 0.7142857142857143 0.7142857142857143 0.7142857142857143 0.7142857142857143 0.7142857142857143 0.7142857142857143 0.7142857142857143 0.7142857142857143 0.7142857142857143 0.7142857142857143 0.7142857142857143 0.7142857142857143 0.7142857142857143 0.7142857142857143
0.47619047619047616 -0.3401360544217687
0.47619047619047616 -0.3401360544217687
0.47619047619047616 -0.3401360544217687
0.47619047619047616 -0.3401360544217687
0.47619047619047616 -0.3401360544217687
0.47619047619047616 -0.3401360544217687
0.47619047619047616 -0.3401360544217687
0.47619047619047616 -0.3401360544217687
0.47619047619047616 -0.3401360544217687
0.47619047619047616 -0.3401360544217687
0.47619047619047616 -0.3401360544217687
0.47619047619047616 -0.3401360544217687
0.47619047619047616 -0.3401360544217687
0.47619047619047616 -0.3401360544217687
0.47619047619047616 -0.3401360544217687
0.47619047619047616 -0.3401360544217687
0.47619047619047616 -0.3401360544217687
0.47619047619047616 -0.3401360544217687
0.47619047619047616 -0.3401360544217687
0.47619047619047616 -0.3401360544217687
0 -0.22675736961451246 0.32393909944930349
0 -0.22675736961451246 0.32393909944930349
0 -0.22675736961451246 0.32393909944930349
0 -0.22675736961451246 0.32393909944930349
0 -0.22675736961451246 0.32393909944930349
0 -0.22675736961451246 0.32393909944930349
0 -0.22675736961451246 0.32393909944930349
0 -0.22675736961451246 0.32393909944930349
0 -0.22675736961451246 0.32393909944930349
0 -0.22675736961451246 0.32393909944930349
0 -0.22675736961451246 0.32393909944930349
0 -0.22675736961451246 0.32393909944930349
0 -0.22675736961451246 0.32393909944930349
0 -0.22675736961451246 0.32393909944930349
0 -0.22675736961451246 0.32393909944930349
0 -0.22675736961451246 0.32393909944930349
0 -0.22675736961451246 0.32393909944930349
0 -0.22675736961451246 0.32393909944930349
0 -0.22675736961451246 0.32393909944930349
0 -0.22675736961451246 0.32393909944930349
(1.800000 ^ 0.700000)
2
1.8 0.69999999999999996
1.5090052598486361 1.5090052598486361 1.5090052598486361 1.5090052598486361 1.5090052598486361 1.5090052598486361 1.5090052598486361 1.5090052598486361 1.5090052598486361 1.5090052598486361 1.5090052598486361 1.5090052598486361 1.5090052598486361 1.5090052598486361 1.5090052598486361 1.5090052598486361 1.5090052598486361 1.5090052598486361 1.5090052598486361 1.5090052598486361
0.58683537883002512 0.88697316900618539
0.58683537883002512 0.88697316900618539
0.58683537883002512 0.88697316900618539
0.58683537883002512 0.88697316900618539
0.58683537883002512 0.88697316900618539
0.58683537883002512 0.88697316900618539
0.58683537883002512 0.88697316900618539
0.58683537883002512 0.88697316900618539
0.58683537883002512 0.88697316900618539
0.58683537883002512 0.88697316900618539
0.58683537883002512 0.88697316900618539
0.58683537883002512 0.88697316900618539
0.58683537883002512 0.88697316900618539
0.58683537883002512 0.88697316900618539
0.58683537883002512 0.88697316900618539
0.58683537883002512 0.88697316900618539
0.58683537883002512 0.88697316900618539
0.58683537883002512 0.88697316900618539
0.58683537883002512 0.88697316900618539
0.58683537883002512 0.88697316900618539
-0.097805896471670872 1.1832702656405365 0.52135100086780928
-0.097805896471670872 1.1832702656405365 0.52135100086780928
-0.097805896471670872 1.1832702656405365 0.52135100086780928
-0.097805896471670872 1.1832702656405365 0.52135100086780928
-0.097805896471670872 1.1832702656405365 0.52135100086780928
-0.097805896471670872 1.1832702656405365 0.52135100086780928
-0.097805896471670872 1.1832702656405365 0.52135100086780928
-0.097805896471670872 1.1832702656405365 0.52135100086780928
-0.097805896471670872 1.1832702656405365 0.52135100086780928
-0.097805896471670872 1.1832702656405365 0.52135100086780928
-0.097805896471670872 1.1832702656405365 0.52135100086780928
-0.097805896471670872 1.1832702656405365 0.52135100086780928
-0.097805896471670872 1.1832702656405365 0.52135100086780928
-0.097805896471670872 1.1832702656405365 0.52135100086780928
-0.097805896471670872 1.1832702656405365 0.52135100086780928
-0.097805896471670872 1.1832702656405365 0.52135100086780928
-0.097805896471670872 1.1832702656405365 0.52135100086780928
-0.097805896471670872 1.1832702656405365 0.52135100086780928
-0.097805896471670872 1.1832702656405365 0.52135100086780928
-0.097805896471670872 1.1832702656405365 0.52135100086780928
(1.300000 * X1)
1
1.3
0.46687578044512446 0.56286067435840992 0.48590360031290958 1.0666967265880409 0.33425105828340945 1.0023565271165744 1.0378151329803411 1.1056973994335377 0.67111862380203235 0.56924378722539104 0.51696826375685767 0.66120699789726733 0.49226144197574528 0.45290092307987467 1.044562225273405 0.9514839032228356 0.83741930720590085 1.0563169766880749 0.26883803629386188 0.60466204027642056
0.35913521572701879
0.43296974950646916
0.37377200024069968
0.82053594352926229
0.25711619867954572
0.77104348239736487
0.79831933306180081
0.8505364611027213
0.51624509523233253
0.43787983632722388
0.39766789519758283
0.50862076761328257
0.37866264767365021
0.34838532544605744
0.80350940405646543
0.7319106947867966
0.64416869785069297
0.81255152052928836
0.20679848945681684
0.46512464636647732
0
0
0
0
0
0
0
0
0
0
0
0
0
0
0
0
0
0
0
0
sin((1.300000 * X1))
1
1.3
0.45009862457731825 0.53360774211782513 0.46700756157268675 0.87560973972592171 0.32806176945600357 0.84274188422870377 0.8612961457740701 0.89377719994852556 0.62186239989989589 0.53899523822589512 0.49424685949822605 0.61406992409646122 0.47262002761538424 0.43757582803564349 0.86470473510135215 0.81427777032611559 0.74291812572685112 0.8705490425451492 0.26561139007322965 0.56848407120154754
0.32070015225742005
0.36617641358764358
0.33050913287621597
0.39633464570162669
0.242886430149892
0.41506647610172342
0.40562867643017375
0.38147514808628574
0.40428522794964006
0.36883004431886268
0.34570129038419978
0.40142976759081284
0.33370263432663161
0.31326164431239956
0.40358712155179088
0.42485616766163842
0.4311951221077101
0.39984170470302238
0.19937032450966302
0.38265538109032177
-0.05805286683979051
-0.10003160356695016
-0.065243528705911713
-0.5895298553915127
-0.021687750097365257
-0.50101683571878641
-0.5489158830181976
-0.64656939457727169
-0.16573192530974393
-0.10334627380577477
-0.078160077206749626
-0.15885687136207513
-0.067766812058903073
-0.05310959998218643
-0.55827703738448198
-0.43620311751959595
-0.30827633628820578
-0.57477127679304651
-0.011359034511663899
-0.12298637643863478
cos((0.900000 * X2))
1
0.90000000000000002
0.9288285828439059 0.84887947100291716 0.71246245146261455 0.81422942472366144 0.96085227103818027 0.95481029780080162 0.8477745334582617 0.86577609116713339 0.82591420942460714 0.94172384872882264 0.97526153192605414 0.96252628890375969 0.93324064209492485 0.88127300528266506 0.95757539530212243 0.94373958750069609 0.9582851317359663 0.90041340706002604 0.95162110106019326 0.93804675456147046
-0.15625538093203772
-0.327097825069739
-0.6064297790606501
-0.39953998251198508
-0.086422849619100559
-0.09965829837106667
-0.32942310458400054
-0.29141642158496733
-0.37522147489563429
-0.12822983082874209
-0.054746580412247191
-0.082750869900777124
-0.14668098809516261
-0.25848863983641135
-0.093604563619655315
-0.12383742298097658
-0.092049772597969259
-0.21755508310159122
-0.10663330047123805
-0.13623438909651228
-0.16519857195693544
-0.32506430173930906
-0.53211732148510371
-0.38565427778752165
-0.093489392346247632
-0.10734947670654164
-0.32707864289497635
-0.29359200497728161
-0.36581930302584603
-0.13684325023117028
-0.05981879780481171
-0.08962218925388428
-0.15557622523049297
-0.26362833769667926
-0.10102543339831152
-0.1323472716845206
-0.099397025203594544
-0.22518085438578911
-0.11460360560272051
-0.14500055699224776
exp((0.400000 * X1))
1
0.40000000000000002
1.1544846873658565 1.1890895137790483 1.1612636899993107 1.3884866005494974 1.1083212459515015 1.3612690544941981 1.376202278216319 1.4052491028058347 1.2293653223141827 1.1914272217975739 1.1724166812889973 1.2256217999914787 1.163537646011334 1.1495311115894586 1.3790622809233304 1.3401268556997803 1.293908495517166 1.3840591686712242 1.0862369631069742 1.2044823126180602
0.41461610725067671
0.51483978892168369
0.43404785221793818
1.1393031628596197
0.2849673456748279
1.0495976322569747
1.0986488849037825
1.1952155988682489
0.63465381789341246
0.52170195687652077
0.46623247394273087
0.62337670071523898
0.44058824570661809
0.40047977042146171
1.1080895115014551
0.98085317805767136
0.83349535069524205
1.124619382006306
0.22463216316268234
0.56023440971115201
0.14890324512136854
0.22291005444538484
0.16223493392367835
0.93483919570289087
0.073269720667711827
0.80928541349144645
0.87707264506547888
1.0165744457161701
0.32763692065794814
0.22844276748868333
0.18540568658556766
0.31706233603002038
0.16683431165315676
0.13952127515284329
0.89036034302775402
0.71789693103602781
0.53691161472196081
0.91381118886593249
0.046453592025459921
0.26057883169923174
log((1.700000 * X1))
1
1.7
-0.49342806486562985 -0.3064591649296447 -0.45348104142719281 0.33283068851145708 -0.82759891026708332 0.27061774145563749 0.30538165622859542 0.3687402531942523 -0.13054538445047167 -0.295182501468224 -0.39150980514644229 -0.14542434286491404 -0.44048133090119929 -0.52381790367352543 0.31186186105527824 0.21853147694115554 0.090833617064947858 0.32305229415580533 -1.045382189679793 -0.23482160155128734
0.58823529411764708
0.58823529411764708
0.58823529411764708
0.58823529411764708
0.58823529411764719
0.58823529411764719
0.58823529411764708
0.58823529411764708
0.58823529411764708
0.58823529411764708
0.58823529411764708
0.58823529411764708
0.58823529411764708
0.58823529411764708
0.58823529411764708
0.58823529411764708
0.58823529411764708
0.58823529411764708
0.58823529411764697
0.58823529411764708
-0.34602076124567477
-0.34602076124567477
-0.34602076124567471
-0.34602076124567471
-0.34602076124567477
-0.34602076124567482
-0.34602076124567477
-0.34602076124567477
-0.34602076124567477
-0.34602076124567482
-0.34602076124567471
-0.34602076124567477
-0.34602076124567471
-0.34602076124567477
-0.34602076124567477
-0.34602076124567477
-0.34602076124567477
-0.34602076124567477
-0.34602076124567477
-0.34602076124567482
sqrt((2.500000 * X1))
1
2.5
0.94754315960675206 1.0403962580508317 0.96665919568467829 1.432249928896195 0.80174216347829941 1.3883834866467593 1.4127272676120122 1.4581979127528619 1.1360513800356178 1.0462789259170135 0.997080607570901 1.1276311094649734 0.97296280462519502 0.93325415274465484 1.4173120722484387 1.3526924029382998 1.2690239338273854 1.4252644671509989 0.71902449446596883 1.078337431380453
0.18950863192135045
0.20807925161016635
0.19333183913693566
0.28644998577923902
0.16034843269565993
0.27767669732935191
0.28254545352240246
0.29163958255057243
0.22721027600712351
0.20925578518340274
0.19941612151418023
0.22552622189299462
0.19459256092503904
0.186650830548931
0.28346241444968778
0.27053848058765995
0.25380478676547713
0.28505289343019979
0.14380489889319378
0.21566748627609061
-0.037901726384270099
-0.041615850322033278
-0.038666367827387131
-0.057289997155847802
-0.032069686539131989
-0.055535339465870387
-0.056509090704480493
-0.058327916510114486
-0.045442055201424685
-0.041851157036680554
-0.039883224302836043
-0.045105244378598919
-0.03891851218500781
-0.037330166109786199
-0.056692482889937557
-0.054107696117531988
-0.05076095735309543
-0.05701057868603996
-0.028760979778638757
-0.043133497255218124
square((0.800000 * X1))
1
0.80000000000000004
0.082545986032187102 0.11997619455212459 0.089411525224917507 0.43089871015901238 0.042309593358988568 0.38048515311837161 0.40788080482575267 0.46298385386569024 0.17056575894492165 0.1227128006796521 0.10120944311736049 0.16556485455841585 0.091766656475660138 0.077678294391139449 0.4132015119405929 0.34284368969170648 0.26557011922602075 0.4225535830492535 0.027369993754637566 0.13845819946082602
0.20636496508046773
0.29994048638031146
0.22352881306229375
1.0772467753975308
0.10577398339747142
0.95121288279592897
1.0197020120643816
1.1574596346642256
0.42641439736230413
0.30678200169913022
0.25302360779340122
0.41391213639603963
0.22941664118915034
0.19419573597784859
1.0330037798514822
0.85710922422926616
0.66392529806505185
1.0563839576231338
0.068424984386593904
0.34614549865206495
0.25795620635058464
0.37492560797538932
0.27941101632786719
1.3465584692469135
0.13221747924683924
1.1890161034949109
1.2746275150804769
1.446824543330282
0.53301799670288019
0.38347750212391274
0.31627950974175145
0.51739017049504954
0.28677080148643791
0.2427446699723107
1.2912547248143524
1.0713865302865826
0.82990662258131476
1.320479947028917
0.085531230483242363
0.43268187331508118
tanh((1.100000 * X2))
1
1.1000000000000001
0.43326066567077953 0.59197281251774525 0.74007197122256196 0.63932967536986018 0.33025960451341085 0.35297374930040476 0.59362711002834756 0.56528292560924553 0.62433620533896894 0.39635498386703272 0.26588219935426999 0.32359357463428329 0.42117969971754682 0.53821237230597907 0.34282526808789121 0.39011073354427345 0.34015523364910427 0.50059116389121039 0.36421160054354113 0.40739117212168363
0.34256571606297259
0.40196327141974564
0.39087962455069775
0.40691377444867038
0.27790461282034457
0.29353013210850587
0.40225119869168219
0.3962496251942893
0.40610758930691288
0.3213123102364866
0.23015337133944494
0.2731894028831095
0.33586716047283988
0.38850749830050219
0.2866350091628429
0.31749127638883107
0.28479751895640509
0.37476874271569038
0.30099650078472118
0.32791065745029385
-0.12518679290668508
-0.29449623904326239
-0.49999964078059478
-0.35808236270293781
-0.057257722009810642
-0.069481072329902027
-0.29663813307316372
-0.26087595149790627
-0.33748576696892124
-0.097093820400209196
-0.030310625054385736
-0.053950467004496898
-0.1155153669303166
-0.22873040022064797
-0.06383530315992543
-0.092764349203614191
-0.062399724629163447
-0.1876382144929811
-0.076087326745428993
-0.10504363311178433
((1.300000 * X1) + 2.100000)
2
1.3 2.1000000000000001
2.5668757804451245 2.6628606743584102 2.5859036003129097 3.1666967265880412 2.4342510582834094 3.1023565271165747 3.1378151329803412 3.2056973994335376 2.7711186238020327 2.6692437872253914 2.6169682637568576 2.7612069978972675 2.5922614419757455 2.5529009230798749 3.1445622252734049 3.0514839032228358 2.9374193072059009 3.1563169766880748 2.3688380362938619 2.7046620402764208
0.35913521572701879 1
0.43296974950646916 1
0.37377200024069968 1
0.82053594352926229 1
0.25711619867954572 1
0.77104348239736487 1
0.79831933306180081 1
0.8505364611027213 1
0.51624509523233253 1
0.43787983632722388 1
0.39766789519758283 1
0.50862076761328257 1
0.37866264767365021 1
0.34838532544605744 1
0.80350940405646543 1
0.7319106947867966 1
0.64416869785069297 1
0.81255152052928836 1
0.20679848945681684 1
0.46512464636647732 1
0 0 0
0 0 0
0 0 0
0 0 0
0 0 0
0 0 0
0 0 0
0 0 0
0 0 0
0 0 0
0 0 0
0 0 0
0 0 0
0 0 0
0 0 0
0 0 0
0 0 0
0 0 0
0 0 0
0 0 0
(sin((1.300000 * X1)) + 2.700000)
2
1.3 2.7000000000000002
3.1500986245773186 3.2336077421178251 3.1670075615726869 3.5756097397259219 3.0280617694560039 3.542741884228704 3.5612961457740702 3.5937771999485255 3.3218623998998962 3.2389952382258951 3.1942468594982261 3.3140699240964615 3.1726200276153844 3.1375758280356436 3.5647047351013521 3.5142777703261157 3.4429181257268513 3.5705490425451494 2.9656113900732297 3.2684840712015477
0.32070015225742005 1
0.36617641358764358 1
0.33050913287621597 1
0.39633464570162669 1
0.242886430149892 1
0.41506647610172342 1
0.40562867643017375 1
0.38147514808628574 1
0.40428522794964006 1
0.36883004431886268 1
0.34570129038419978 1
0.40142976759081284 1
0.33370263432663161 1
0.31326164431239956 1
0.40358712155179088 1
0.42485616766163842 1
0.4311951221077101 1
0.39984170470302238 1
0.19937032450966302 1
0.38265538109032177 1
-0.05805286683979051 0 0
-0.10003160356695016 0 0
-0.065243528705911713 0 0
-0.5895298553915127 0 0
-0.021687750097365257 0 0
-0.50101683571878641 0 0
-0.5489158830181976 0 0
-0.64656939457727169 0 0
-0.16573192530974393 0 0
-0.10334627380577477 0 0
-0.078160077206749626 0 0
-0.15885687136207513 0 0
-0.067766812058903073 0 0
-0.05310959998218643 0 0
-0.55827703738448198 0 0
-0.43620311751959595 0 0
-0.30827633628820578 0 0
-0.57477127679304651 0 0
-0.011359034511663899 0 0
-0.12298637643863478 0 0
(sin((1.300000 * X1)) * 0.800000)
2
1.3 0.80000000000000004
0.36007889966185463 0.42688619369426012 0.37360604925814944 0.70048779178073739 0.26244941556480289 0.67419350738296302 0.68903691661925615 0.71502175995882045 0.49748991991991676 0.43119619058071612 0.39539748759858084 0.49125593927716898 0.37809602209230742 0.3500606624285148 0.69176378808108174 0.65142221626089247 0.59433450058148096 0.6964392340361194 0.21248911205858373 0.45478725696123806
0.25656012180593601 0.45009862457731825
0.29294113087011492 0.53360774211782513
0.26440730630097281 0.46700756157268675
0.31706771656130139 0.87560973972592171
0.1943091441199136 0.32806176945600357
0.33205318088137875 0.84274188422870377
0.32450294114413902 0.8612961457740701
0.30518011846902859 0.89377719994852556
0.3234281823597121 0.62186239989989589
0.29506403545509013 0.53899523822589512
0.27656103230735984 0.49424685949822605
0.3211438140726503 0.61406992409646122
0.26696210746130533 0.47262002761538424
0.25060931544991966 0.43757582803564349
0.32286969724143272 0.86470473510135215
0.33988493412931076 0.81427777032611559
0.34495609768616808 0.74291812572685112
0.31987336376241793 0.8705490425451492
0.15949625960773042 0.26561139007322965
0.30612430487225745 0.56848407120154754
-0.046442293471832416 0.32070015225742005 0
-0.080025282853560142 0.36617641358764358 0
-0.052194822964729375 0.33050913287621597 0
-0.47162388431321017 0.39633464570162669 0
-0.017350200077892206 0.242886430149892 0
-0.40081346857502914 0.41506647610172342 0
-0.43913270641455809 0.40562867643017375 0
-0.51725551566181749 0.38147514808628574 0
-0.13258554024779512 0.40428522794964006 0
-0.082677019044619826 0.36883004431886268 0
-0.062528061765399698 0.34570129038419978 0
-0.1270854970896601 0.40142976759081284 0
-0.054213449647122464 0.33370263432663161 0
-0.042487679985749149 0.31326164431239956 0
-0.44662162990758558 0.40358712155179088 0
-0.34896249401567681 0.42485616766163842 0
-0.24662106903056466 0.4311951221077101 0
-0.45981702143443726 0.39984170470302238 0
-0.0090872276093311201 0.19937032450966302 0
-0.098389101150907821 0.38265538109032177 0
((1.200000 * X1) + (0.800000 * X2))
2
1.2 0.80000000000000004
0.76834692910988411 1.0146166014165892 1.1398998453154978 1.5352170921690469 0.55808097501748144 1.1934970368789548 1.4548910950226404 1.4865079184093832 1.1519159113825359 0.83041370683270799 0.67533058035034899 0.85445823213105154 0.78103172737128723 0.85561552467217172 1.2240589739810634 1.1778787526837069 1.0306519382880091 1.3751306782975414 0.52578224407931384 0.87267994114993686
0.35913521572701879 0.42173083779682696
0.43296974950646916 0.61881612751103288
0.37377200024069968 0.86421680628332265
0.82053594352926229 0.6882174499174154
0.25711619867954572 0.31192692075253325
0.77104348239736487 0.33530607250264616
0.79831933306180081 0.62113486918559913
0.8505364611027213 0.5823302063576471
0.51624509523233253 0.6655272463796712
0.43787983632722388 0.38119737905004913
0.39766789519758283 0.24766138264156204
0.50862076761328257 0.30514163874389055
0.37866264767365021 0.40829568770363367
0.34838532544605744 0.54694141767112847
0.80350940405646543 0.32480961139163123
0.7319106947867966 0.37448239867443878
0.64416869785069297 0.3220618760839718
0.81255152052928836 0.5000860670779943
0.20679848945681684 0.34703007091391713
0.46512464636647732 0.39316295688770508
0 0 0
0 0 0
0 0 0
0 0 0
0 0 0
0 0 0
0 0 0
0 0 0
0 0 0
0 0 0
0 0 0
0 0 0
0 0 0
0 0 0
0 0 0
0 0 0
0 0 0
0 0 0
0 0 0
0 0 0
((1.200000 * X1) * (0.800000 * X2))
2
1.2 0.80000000000000004
0.14540005959446384 0.25721151717025459 0.31009924255310095 0.54211886843643764 0.07699340556451896 0.24819413933896664 0.47602941552928935 0.47548134999230457 0.32983216961950595 0.16024190010893016 0.094547501526521416 0.14899331954754488 0.14842207309400807 0.18292450924347275 0.25054807418985764 0.26312416569526526 0.19916369217058882 0.39009186643174654 0.06889468268264648 0.17555499003532071
0.12116671632871986 0.18175007449307978
0.21434293097521218 0.32151439646281815
0.25841603546091746 0.38762405319137611
0.45176572369703138 0.67764858554554708
0.064161171303765807 0.096241756955648697
0.20682844944913889 0.31024267417370827
0.39669117960774114 0.59503676941161165
0.3962344583269205 0.5943516874903807
0.27486014134958831 0.41229021202438243
0.13353491675744181 0.20030237513616267
0.078789584605434518 0.11818437690815177
0.12416109962295407 0.18624164943443108
0.1236850609116734 0.1855275913675101
0.1524370910362273 0.22865563655434093
0.20879006182488138 0.31318509273732204
0.21927013807938775 0.32890520711908156
0.16596974347549071 0.248954615213236
0.3250765553597888 0.48761483303968317
0.057412235568872073 0.0861183533533081
0.14629582502943395 0.21944373754415086
0 0.15145839541089981 0
0 0.26792866371901519 0
0 0.32302004432614678 0
0 0.56470715462128929 0
0 0.080201464129707245 0
0 0.25853556181142362 0
0 0.4958639745096764 0
0 0.4952930729086506 0
0 0.3435751766869854 0
0 0.16691864594680222 0
0 0.098486980756793158 0
0 0.15520137452869257 0
0 0.15460632613959174 0
0 0.19054636379528411 0
0 0.26098757728110172 0
0 0.27408767259923467 0
0 0.20746217934436334 0
0 0.40634569419973599 0
0 0.07176529446109009 0
0 0.1828697812867924 0
((1.200000 * X1) / (0.800000 * X2))
2
1.2 0.80000000000000004
1.2773617087258238 1.0495114709952746 0.64874693049795273 1.7883939377613676 1.2364251764126915 3.4492820692560517 1.9278888676186789 2.190861263464198 1.1635401060751405 1.7230437316427583 2.4085379659681769 2.5002525206343997 1.3911338978499341 0.95545513885969435 3.7106786985791516 2.9316893025315167 3.0002093340725193 2.4372350301929968 0.89386413508289775 1.7745490955522258
1.0644680906048531 -1.5967021359072797
0.87459289249606231 -1.3118893387440933
0.54062244208162735 -0.81093366312244086
1.4903282814678065 -2.2354924222017099
1.0303543136772428 -1.5455314705158643
2.8744017243800433 -4.3116025865700651
1.6065740563488993 -2.4098610845233486
1.8257177195534984 -2.7385765793302475
0.96961675506261713 -1.4544251325939257
1.4358697763689654 -2.1538046645534474
2.0071149716401475 -3.0106724574602208
2.0835437671953332 -3.1253156507929996
1.1592782482082784 -1.7389173723124176
0.796212615716412 -1.1943189235746179
3.0922322488159595 -4.6383483732239403
2.4430744187762636 -3.6646116281643955
2.5001744450604328 -3.7502616675906486
2.0310291918274972 -3.0465437877412458
0.7448867792357482 -1.1173301688536221
1.4787909129601882 -2.2181863694402817
0 -1.3305851132560664 3.991755339768198
0 -1.0932411156200779 3.2797233468602336
0 -0.67577805260203405 2.0273341578061017
0 -1.8629103518347581 5.5887310555042751
0 -1.2879428920965537 3.8638286762896601
0 -3.5930021554750544 10.779006466425161
0 -2.0082175704361243 6.0246527113083728
0 -2.2821471494418728 6.8464414483256153
0 -1.2120209438282714 3.6360628314848134
0 -1.7948372204612064 5.3845116613836179
0 -2.5088937145501844 7.5266811436505527
0 -2.6044297089941666 7.8132891269824993
0 -1.4490978102603482 4.3472934307810442
0 -0.99526576964551494 2.9857973089365446
0 -3.8652903110199501 11.59587093305985
0 -3.0538430234703293 9.1615290704109853
0 -3.1252180563255405 9.3756541689766202
0 -2.5387864897843717 7.6163594693531129
0 -0.93110847404468511 2.7933254221340555
0 -1.848488641200235 5.5454659236007036
sin(cos((1.300000 * X1)))
1
1.3
0.77894322164440655 0.7484568264497018 0.77344190808376423 0.46445511497550401 0.81029555067400683 0.51269247739610768 0.48652102306136341 0.43362448732347991 0.70549866784557214 0.74618217944888143 0.76389130997475752 0.70982633364354697 0.77154509172155838 0.78281786810634857 0.48142563504349739 0.54842154557701694 0.62050169897503893 0.47246158813403438 0.82152480651305038 0.73298126145479015
-0.10136747773182833
-0.15321927425655774
-0.11064427563678847
-0.63627398126535306
-0.049430905043690944
-0.5578922529655248
-0.60072542313595678
-0.68500248488843019
-0.22751999062072265
-0.15712515050371637
-0.12684003267115257
-0.21999707939865717
-0.11385207247065035
-0.09485903708974934
-0.6089817123663982
-0.49835851288240918
-0.37529280212535171
-0.62343787143991747
-0.031318469662009477
-0.17986864230763536
-0.092578836419981547
-0.1450941678026893
-0.10187099380043811
-0.52775291624651499
-0.042362248779130994
-0.49124564529087367
-0.51292950259642123
-0.54295433510563429
-0.22062573575785027
-0.14908415611403986
-0.11822775013609109
-0.21305949254483122
-0.10509849699939708
-0.086102103058570439
-0.51663820664412441
-0.45481680380451361
-0.35993252088503008
-0.52274795249046324
-0.025986541510316034
-0.17231932084947507
exp(sin((0.600000 * X1)))
1
0.59999999999999998
1.2383965719124741 1.2928766895313517 1.249056009334272 1.604276718193258 1.1660926358702024 1.5625196639105079 1.5854757104644515 1.6298013523661503 1.3563777680271745 1.2965615632464573 1.2666089826243017 1.3504767411861529 1.2526333534057241 1.2306128301339796 1.5898598132974013 1.5298459273182639 1.4578314745567538 1.5975095712302327 1.1317453057436393 1.3171447824091544
0.43446632637604665
0.54099377674931703
0.45517110680356376
1.1600322261557023
0.29626063045167844
1.0781294082086859
1.1232724074912839
1.2095853332738831
0.66690023128012121
0.54825628267398197
0.48942001295136922
0.65514330526241149
0.46213598917944104
0.41939508907770384
1.1318623730504549
1.0134667530566395
0.86981615075710506
1.146824832340865
0.23224390950304455
0.58893403265984001
0.11827148530956391
0.16411790040144955
0.12706313302419445
0.32825814174585433
0.063423402903060783
0.32932157011394453
0.33011353655972409
0.3218136459922219
0.21771212657750508
0.16726674434712654
0.14177294050226458
0.21285473243534517
0.1300399090254539
0.11193608606071721
0.32988961303747766
0.32294815767665147
0.29094726304319274
0.32919748112734937
0.041668451939573609
0.18483488542677315
log(square((0.900000 * X1)))
1
0.90000000000000002
-2.2588336631712531 -1.8848958632992827 -2.1789396162943788 -0.60631615641707948 -2.9271753539741598 -0.7307420505287181 -0.66121422098280258 -0.53449702705148872 -1.5330683023409366 -1.8623425363764412 -2.0549971437328782 -1.5628262191698215 -2.1529401952423917 -2.3196133407870438 -0.64825381132943682 -0.83491457955768189 -1.0903102993100977 -0.62587294512838243 -3.3627419127995792 -1.7416207365425678
2.2222222222222223
2.2222222222222223
2.2222222222222223
2.2222222222222223
2.2222222222222223
2.2222222222222219
2.2222222222222223
2.2222222222222223
2.2222222222222223
2.2222222222222223
2.2222222222222223
2.2222222222222223
2.2222222222222219
2.2222222222222219
2.2222222222222219
2.2222222222222219
2.2222222222222228
2.2222222222222219
2.2222222222222223
2.2222222222222223
-2.4691358024691361
-2.4691358024691366
-2.4691358024691352
-2.4691358024691357
-2.4691358024691348
-2.4691358024691357
-2.469135802469137
-2.4691358024691357
-2.4691358024691348
-2.4691358024691361
-2.4691358024691357
-2.4691358024691366
-2.4691358024691352
-2.4691358024691357
-2.4691358024691352
-2.4691358024691343
-2.4691358024691352
-2.4691358024691348
-2.4691358024691357
-2.4691358024691352
tanh(exp((0.300000 * X1)))
1
0.29999999999999999
0.80538704184077892 0.81397728935559499 0.8071023397060153 0.8562463320358199 0.79326870741245537 0.85113403529111131 0.8539624478229858 0.85930173402700438 0.82347239256764659 0.81454293658691945 0.809889672007154 0.82261188891082748 0.80767413207249739 0.80412343302103972 0.85449759796649383 0.84702966930838364 0.83763287743785675 0.8554275964205873 0.78719166579113342 0.81766852328099238
0.14053716894341203
0.16636665327680222
0.14575202859578834
0.28006473242782487
0.10296278300950758
0.26777506377861399
0.2746337007979639
0.28717494245504621
0.19401195184112438
0.16804137014882931
0.15416643697012419
0.191549117227163
0.14748424898423665
0.13667816266952362
0.27591500053461465
0.25757197212701544
0.23317615525491636
0.27812902475469903
0.083685565996224398
0.17723357956920016
-0.040075339866275636
-0.061497712531867831
-0.043895469683502122
-0.27357110192027184
-0.018895607603955877
-0.23646361664976792
-0.25653983006283787
-0.29753619912251672
-0.092428045829578073
-0.063117210877672511
-0.050579464064451754
-0.089283711164521454
-0.045217950765807848
-0.037399642939626568
-0.26046397639565377
-0.20926197148408596
-0.15507296016962011
-0.26738007201181174
-0.01168419304230881
-0.072561174377795301
((1.300000 * sin((0.700000 * X1))) + 2.400000)
3
1.3 0.69999999999999996 2.3999999999999999
2.7233815167651634 2.7879981493827768 2.7362651130456279 3.1063034212404976 2.6327145781505501 3.0680761971425743 3.0892457818908681 3.1290656146677001 2.85962481032964 2.7922603780281792 2.7572222987050004 2.8531282721547457 2.7405621596332685 2.713897546105827 3.093245729011743 3.0372807216598208 2.9665296530494722 3.1001925291181132 2.5875300671573105 2.8158248132775818
0.24875501289627971 0.4522002113502771 1
0.29846011490982821 0.53720667120432153 1
0.2586654715735599 0.46936682515738792 1
0.54331032403115209 0.89552598085389845 1
0.17901121396196162 0.32885191212772413 1
0.51390476703274945 0.85986878217899043 1
0.53018906299297552 0.8799421215522224 1
0.56081970359053845 0.91544884556212069 1
0.3535575464074156 0.62777293487088159 1
0.30173875232936881 0.5427117024708874 1
0.27478638361923124 0.497067725923656 1
0.34856020934980442 0.61974032136419221 1
0.26197089202559121 0.47506959267843263 1
0.24145965085063614 0.4394999742152656 1
0.53326594539364836 0.88364496280051097 1
0.49021593973832372 0.82931433748493122 1
0.4357920408072864 0.75371705849409598 1
0.53860963778316406 0.89000560793522498 1
0.14425389781331577 0.2660261807955368 1
0.31986524098275537 0.57289493978132766 1
0 0.34784631642329006 0 -0.0417091346343198 0 0
0 0.41323590092640117 0 -0.072735221025331739 0 0
0 0.36105140396722146 0 -0.046978088495842014 0 0
0 0.68886613911838335 0 -0.47553942686473122 0 0
0 0.25296300932901855 0 -0.015384467453528656 0 0
0 0.66143752475306949 0 -0.39717667838208087 0 0
0 0.67687855504017114 0 -0.4392658191256289 0 0
0 0.70419141966316978 0 -0.52741501249970313 0 0
0 0.48290225759298583 0 -0.12249414781842308 0 0
0 0.41747054036222109 0 -0.075211514974214008 0 0
0 0.38235978917204305 0 -0.056491046751619554 0 0
0 0.4767233241263017 0 -0.11722205699313556 0 0
0 0.36543814821417892 0 -0.048831641736992323 0 0
0 0.33807690324251199 0 -0.03809847811728858 0 0
0 0.67972689446193146 0 -0.44757841152189165 0 0
0 0.63793410575763931 0 -0.34138699059882249 0 0
0 0.57978235268776612 0 -0.23508335547722578 0 0
0 0.68461969841171144 0 -0.4622950968799649 0 0
0 0.20463552368887447 0 -0.0080198386982849226 0 0
0 0.44068841521640595 0 -0.08995992958991901 0 0
(exp(((0.500000 * X1) + (0.300000 * X2))) * 1.700000)
3
0.5 0.29999999999999999 1.7
2.3087704503825943 2.5415089109311597 2.6558886135557525 3.1498708682850238 2.122860404403359 2.7641738834748839 3.0530111880321171 3.097500647376529 2.686956048989976 2.372459979676218 2.2339260844323818 2.4024309642646666 2.3220450424405072 2.3842946564900127 2.8005780337714743 2.7426601800902182 2.5839808187610322 2.9651565531694426 2.0920334113102688 2.4136483990761799
0.82916077376231934 0.97367969632040907 1.3581002649309379
1.1003964765343235 1.5727267022972029 1.4950052417242117
0.99269679950523226 2.2952635754513939 1.562287419738678
2.5845822649035886 2.1677960965402741 1.8528652166382493
0.54582179750751481 0.66217730913301731 1.2487414143549171
2.1312982570663221 0.92684428858235046 1.625984637338167
2.4372778554600161 1.8963317049004997 1.7958889341365396
2.6345372388830213 1.8037681911797196 1.8220592043391348
1.387127881395922 1.7882424604274996 1.5805623817588095
1.0388523875935112 0.9043755261537072 1.3955646939271871
0.88836068402320301 0.55325722278957457 1.3140741673131657
1.2219262811822134 0.73308172140478556 1.4131946848615686
0.8792717237879959 0.94808097748206011 1.3659088484944162
0.83065326986056875 1.3040694995663438 1.4025262685235369
2.2502907869293449 0.90965466282125118 1.6473988433949849
2.0073823179739123 1.0270779629890532 1.6133295177001283
1.6645195592924615 0.83220171025517553 1.5199887169182544
2.4093424658852141 1.4828334789450484 1.7442097371584957
0.43262934935215519 0.72599850308128655 1.2306078890060406
1.1226473580733223 0.94895714146806653 1.4197931759271647
0.29778083335751238 0.34968266778704832 0.48774163162489376 0.41063075407496624 0.57275276254141716 0
0.47643838680286732 0.68094308633575529 0.64729204502019033 0.97322864754875216 0.92513335429247234 0
0.37104226838361148 0.85790525767608772 0.58393929382660725 1.9836053567550442 1.3501550443831731 0
2.1207426473616642 1.7787546154537255 1.520342508766817 1.4919151015018746 1.2751741744354554 0
0.14033962573156894 0.17025651257613184 0.32107164559265577 0.20655092903006039 0.38951606419589252 0
1.6433236301558511 0.71463724790864369 1.2537048570978366 0.31077651822605712 0.54520252269550029 0
1.9457260320571361 1.5138782619201145 1.4336928561529507 1.177877745455876 1.1154892381767645 0
2.2407699798028995 1.5341706139756557 1.5497277875782478 1.0503887029910459 1.0610401124586586 0
0.71609796523066138 0.92317139928189518 0.81595757729171892 1.1901240805475219 1.0519073296632351 0
0.45489251344759241 0.39600780737053226 0.61108963976088893 0.3447455802468023 0.53198560361982772 0
0.35327252339179205 0.22001263528959028 0.52256510824894287 0.13702044875249678 0.32544542517033798 0
0.62149708310174112 0.37286058786416859 0.71878016540130196 0.2236937578026485 0.43122454200281501 0
0.33294735895413702 0.35900285314237929 0.5172186610517624 0.38709737469977107 0.55769469263650606 0
0.28938740975320604 0.45431867701069795 0.48861957050621696 0.71324962083449517 0.76709970562726104 0
1.8081298091593525 0.73091607602068864 1.3237004628996147 0.29546457753155597 0.53509097813014783 0
1.4692245870510163 0.75172934549152548 1.1808131282199483 0.38462261920579699 0.60416350764061943 0
1.0722313970564343 0.53607829204419621 0.97912915252497756 0.26802044408507181 0.48953041779716217 0
1.9577148841308161 1.2048785980085335 1.4172602740501261 0.74154436261720913 0.8722549876147343 0
0.0894670959407112 0.15013539378512025 0.25448785256009132 0.2519433120076966 0.42705794298899213 0
0.52217095541811409 0.4413833548422777 0.66038079886666023 0.37309479569928933 0.55821008321650978 0
((1.100000 * X1) / ((0.900000 * X2) + 1.500000))
3
1.1000000000000001 0.90000000000000002 1.5
0.21018174964583572 0.23154199661660227 0.18050315220801161 0.42587117440338584 0.15882651885541804 0.4707289265470701 0.42648962945742319 0.46222588214276911 0.27054621143488411 0.26133886560563002 0.2538951141370262 0.31526776875566676 0.22304496355679213 0.19235757660492669 0.49313519835640135 0.43826172769064065 0.39588977602952269 0.45834418926750764 0.12551726613997893 0.27598674783179483
0.19107431785985066 -0.047160096665448202 -0.11182510843128823
0.21049272419691115 -0.069657988951185107 -0.11256653770702377
0.164093774734556 -0.068484586681352003 -0.079244682796529867
0.38715561309398716 -0.13829034991439301 -0.20093990632028808
0.14438774441401639 -0.027821258311642859 -0.089191590916626304
0.42793538777006374 -0.087601518956067978 -0.26125837299107263
0.3877178449612938 -0.12865703216271637 -0.2071322003406523
0.42020534740251736 -0.13298180306300211 -0.22836150625737811
0.24595110130444006 -0.085782782615818745 -0.12889447138709814
0.23758078691420911 -0.054051814415635509 -0.14179482175437202
0.23081374012456926 -0.036496714015735621 -0.14736538101524277
0.28660706250515161 -0.054209305876044965 -0.17765292897815088
0.20276814868799281 -0.048765702285550529 -0.11943722099986444
0.17487052418629698 -0.052808869120095178 -0.096553062931227368
0.44830472577854663 -0.089367009850071497 -0.2751365929942246
0.39841975244603689 -0.089340365417798398 -0.23857026587641472
0.35989979639047509 -0.071235354230778508 -0.22118530481454804
0.41667653569773422 -0.11753971195345603 -0.2350389656729315
0.11410660558179903 -0.024034439830968285 -0.069257513528071663
0.25089704348344982 -0.058531143977784472 -0.14887247883452584
0 -0.042872815150407459 -0.1016591894829893 0.021163347638337483 0.050182120304261786 0.11899087239249391
0 -0.063325444501077369 -0.10233321609729433 0.041912357115568774 0.067729904332238855 0.10945077434335501
0 -0.062258715164865447 -0.072040620724118043 0.051967387334163617 0.060132349841304472 0.069580167157257108
0 -0.12571849992217546 -0.1826726421093528 0.089812234445014433 0.13049979255218205 0.18961999956240827
0 -0.02529205301058441 -0.081083264469660257 0.0097467654598381009 0.031246951806287612 0.10017395013839582
0 -0.079637744505516334 -0.23750761181006599 0.032604863184004809 0.097239107364354385 0.29000103290281748
0 -0.11696093832974216 -0.18830200030968389 0.077622670197051991 0.12496910743205732 0.20119480266163536
0 -0.12089254823909282 -0.20760136932488915 0.07651739389368474 0.13139863441445865 0.22564282769449562
0 -0.077984347832562487 -0.11717679217008921 0.054398734724725027 0.081737802652923311 0.12281661359104354
0 -0.049138013105123182 -0.12890438341306548 0.022358699957250927 0.058653865913163461 0.15386744279126466
0 -0.033178830923396012 -0.13396852819567523 0.010492601549059443 0.042366724424878481 0.17106714003206322
0 -0.049281187160040874 -0.16150266270740987 0.018642240880894251 0.061093729972856732 0.2002143339871538
0 -0.044332456623227746 -0.10857929181805857 0.021323895249465551 0.052226599231054709 0.12791366846118643
0 -0.048008062836450156 -0.087775511755661242 0.028995755789449008 0.05301437201979084 0.096928794029761997
0 -0.081242736227337714 -0.25012417544929511 0.032390559327994915 0.099721677536631734 0.30701578413698716
0 -0.081218514016180354 -0.21688205988764972 0.03642435735853191 0.097265872808612042 0.2597341641500524
0 -0.064759412937071353 -0.2010775498314073 0.025635800667941848 0.079598991906939573 0.247154344608567
0 -0.10685428359405091 -0.21367178697539227 0.060284756345140841 0.12054876213085683 0.24105603028539452
0 -0.021849490755425711 -0.062961375934610597 0.0092043798555048982 0.026523291861321435 0.076429376253969339
0 -0.053210130888894966 -0.1353386171222962 0.024826516796640614 0.063145615225728272 0.16060926931059752
((1.200000 * sin((0.800000 * X1))) + (0.600000 * cos((1.400000 * X2))))
4
1.2 0.80000000000000004 0.59999999999999998 1.3999999999999999
0.83846921877910674 0.79595992635367718 0.5653636459364394 1.0747374331938249 0.78878665921905844 1.2292435655071812 1.1024242118164314 1.1663585086499964 0.83949020738228208 0.92838552734176494 0.93964825650198591 1.0209915578473066 0.86259917917265572 0.76266774625319278 1.258360864145716 1.1825801108619693 1.1314282576864807 1.1851217947936261 0.7281914017158565 0.94766710493679718
0.28337176508731887 0.41329717489667883 0.83070516779054027 -0.14086972390945474
0.33949108800204086 0.48870643266947372 0.64761770125204687 -0.28290989716360859
0.2945815418246942 0.42862364547291076 0.35310965957801066 -0.48512738223692436
0.61029169224582369 0.78001142569736981 0.57064567083139428 -0.33909701310792723
0.20424556004039998 0.30203533010379102 0.90615331195096427 -0.07915757802259081
0.5784561547153837 0.75474067222409069 0.89182696641453463 -0.091010789021750152
0.59611645723402529 0.76916277775762676 0.64514077189266839 -0.28475197521910794
0.62912667611532924 0.79334923577945926 0.68567749551933554 -0.25432880526415191
0.40135529867885683 0.56740856346421886 0.59643974827942303 -0.32051440184061386
0.34318323792499678 0.49354407050319371 0.86094273638628149 -0.1163494944622592
0.31279504099406391 0.45325581322578112 0.94049034551518218 -0.050496235322530954
0.39576123321179718 0.56051235974831037 0.91013012998858334 -0.075856230728630944
0.29831818282426681 0.43370496540304687 0.84102893297255921 -0.13253036527791312
0.2751139849381356 0.40193003845414371 0.72088494054571672 -0.22743621228051614
0.59944498728772999 0.7717701001318048 0.89837813233406683 -0.085598286233611126
0.55263996855845932 0.73198690241784947 0.86568691431969702 -0.11247634788565475
0.4928263331540193 0.67261082898863556 0.90006109650276267 -0.08420572935718422
0.60521921694891423 0.77620659894559463 0.76476455742488181 -0.19332622473499284
0.16468514721851549 0.24476988207456668 0.88428204175606318 -0.097228076725787441
0.36357225704359464 0.51995316804545033 0.85230066080747269 -0.12338684514899742
0 0.34441431241389903 0 0 -0.043858503305276297 0 0 0 -0.23478287318242458 -0.088647987349441459
0 0.4072553605578948 0 0 -0.076370341542834938 0 0 0 -0.47151649527268097 -0.14879666881527609
0 0.35718637122742564 0 0 -0.049385596795600756 0 0 0 -0.80854563706154059 -0.15823635268870928
0 0.65000952141447488 0 0 -0.49307606814278687 0 0 0 -0.56516168851321202 -0.16216948494467384
0 0.25169610841982587 0 0 -0.016202899857540386 0 0 0 -0.13192929670431805 -0.052900362559565095
0 0.62895056018674234 0 0 -0.41267620987340098 0 0 0 -0.15168464836958359 -0.06016095032357268
0 0.64096898146468895 0 0 -0.45589586314966979 0 0 0 -0.47458662536517987 -0.14934048605077155
0 0.66112436314954948 0 0 -0.54614154952047556 0 0 0 -0.42388134210691991 -0.13951142753730378
0 0.47284046955351572 0 0 -0.12835775836073424 0 0 0 -0.53419066973435647 -0.1585073877088248
0 0.41128672541932815 0 0 -0.078961830510164518 0 0 0 -0.19391582410376532 -0.075062898196141148
0 0.37771317768815088 0 0 -0.05935839732915215 0 0 0 -0.084160392204218254 -0.034611640041606294
0 0.46709363312359192 0 0 -0.1228577831560697 0 0 0 -0.12642705121438491 -0.05084610510642678
0 0.36142080450253905 0 0 -0.05132936663189562 0 0 0 -0.22088394212985524 -0.084122422963352594
0 0.33494169871178647 0 0 -0.040069472087144987 0 0 0 -0.37906035380086023 -0.12938943828355229
0 0.64314175010983732 0 0 -0.46442170326093646 0 0 0 -0.14266381038935189 -0.056868027699884402
0 0.60998908534820784 0 0 -0.3552546110469203 0 0 0 -0.18746057980942457 -0.072840836239553466
0 0.56050902415719628 0 0 -0.24539990260019159 0 0 0 -0.14034288226197372 -0.056014682393200038
0 0.64683883245466223 0 0 -0.47950790372255092 0 0 0 -0.32221037455832141 -0.11475417964323427
0 0.20397490172880559 0 0 -0.0084514339703481295 0 0 0 -0.1620467945429791 -0.063896382862092538
0 0.43329430670454194 0 0 -0.094386675157808839 0 0 0 -0.20564474191499571 -0.079047704141177247
((1.500000 * X1) ^ 2.300000)
2
1.5 2.2999999999999998
0.2410478595205387 0.37056318531230809 0.2642441945322403 1.6122574742048388 0.11176545867330583 1.3973052726509168 1.5136176505195704 1.7510705671576667 0.55536506148433773 0.38029995507774755 0.30472431979641934 0.53668109905540495 0.27226421925430888 0.22477476845219413 1.5363462793969853 1.2395484600393407 0.92407881852462781 1.5764020200403375 0.067728090088176776 0.43693758841333274
0.36960671793149258 -0.14911008656314792
0.56819688414553915 -0.15994333726121537
0.40517443161610173 -0.15290336642257502
2.472128127114086 0.33481355247477429
0.17137370329906895 -0.10648588788477566
2.1425347513980721 0.20324447741765192
2.3208803974633407 0.27278192264281426
2.6849748696417555 0.42652070857501362
0.85155976094265107 -0.14201158204405717
0.5831265977858795 -0.15985742969090086
0.46724395702117633 -0.15744281266711982
0.82291101855162074 -0.14521918927993682
0.4174718028566069 -0.15400475104970179
0.34465464496003095 -0.14587456448556596
2.3557309617420441 0.28683388092307599
1.9006409720603221 0.11573457461021017
1.4169208550710957 -0.031723187724071344
2.4171497640618504 0.31195285769858438
0.1038497381352044 -0.079278799740916797
0.6699709689004435 -0.15729086612973259
0.3203258222072935 -0.067936893049800995 0.092238188545188102
0.49243729959280058 0.0017956730743417867 0.069035112359298906
0.35115117406728813 -0.058289032159788152 0.088476643752730497
2.1425110434988741 1.5882190965978797 0.069529908661807208
0.14852387619252638 -0.088768055641118795 0.10145571318016958
1.8568634512116626 1.2431783804743439 0.029562843860458484
2.0114296778015617 1.4273440483986954 0.04916035254687208
2.326978220356188 1.8213787979201321 0.10389068165232405
0.73801845948363087 0.15249228185533747 0.036313572518866015
0.50537638474776214 0.0084185778591170726 0.067195374299103022
0.40494476275168612 -0.038262766225304126 0.081346442177947412
0.71318954941140456 0.13511797580770016 0.039294495319919971
0.36180889580905923 -0.054631138773336807 0.087111936378710439
0.29870069229869345 -0.073824486576405016 0.094669827536177906
2.0416335001764381 1.4640428036800401 0.053551517876351221
1.6472221757856125 1.0038253210952162 0.010805944416066792
1.2279980743949495 0.56741032450617579 0.0010890419942569543
2.0948631288536035 1.5292623951647208 0.061732086224948586
0.090003106383843803 -0.076408766210621232 0.092799429013539797
0.58064150638038436 0.050112397543298555 0.05662231225672807
(X1 ^ 1.700000)
1
1.7
0.1753632508792794 0.24097824791330541 0.18768583634662531 0.71444028835493045 0.099361936201204759 0.64273815198031015 0.6818679843454023 0.75941293634411888 0.32497884847961245 0.24564244418402112 0.20853785498236552 0.31686184836358616 0.19187977224059866 0.16653355421465696 0.68942120757154035 0.58827278652209836 0.47347750386791981 0.70266212130508454 0.068616808715184066 0.27218732647846555
-0.17958184464455743
-0.20171985885598384
-0.18470337561735184
-0.14131454762463402
-0.13495608055074074
-0.16711867443996159
-0.15358844159983523
-0.12293983981974613
-0.21486744671397739
-0.20285417168501185
-0.19230069223935209
-0.21421527450273289
-0.18633628540779434
-0.17560066587611356
-0.15082218877461817
-0.18359803897672727
-0.20823286551951029
-0.14585576221175928
-0.10814080694552425
-0.20834574893619254
0.18390192223422402
0.16885715540398918
0.18176830829918922
0.02795167307310931
0.18330101419055467
0.043452611705902665
0.034595273476158268
0.019902484526621252
0.14206469089719931
0.16751915617312943
0.17732778654916678
0.14482079198637499
0.1809529522269703
0.18516144690209566
0.032994825771161237
0.057300355699580918
0.091579696877345865
0.03027614941141317
0.17043104081640725
0.15947822281584903
(sin((1.300000 * X1)) / cos((0.700000 * X2)))
2
1.3 0.69999999999999996
0.47045000761916117 0.58790735761092683 0.56776996305445093 0.98806717298934599 0.33604056545684963 0.86650060616442248 0.94965523963792453 0.97354722930906823 0.69603812785196062 0.55877043796332304 0.50176824510548756 0.62834960631632286 0.49260272751076473 0.47172881353156443 0.88754723165408056 0.84307884887150719 0.76220565970273169 0.92675482013501365 0.27364576922959333 0.59071439926896785
0.33520073342737411 0.060333911992407584
0.40343831383957368 0.1682477777430243
0.40182038494269806 0.33926882661190683
0.44723720530874678 0.35553385605777399
0.24879367524203808 0.023258147803162647
0.42676810049596475 0.069475085243753565
0.44724152059581607 0.27395447437705822
0.41552198186646377 0.24480869398856353
0.4525083575169821 0.23290391890994669
0.3823620521703181 0.058225558392457806
0.35096212848552272 0.021762031643856868
0.41076468091232776 0.041588992608983751
0.34781181126881905 0.059101750335239511
0.33771185318855856 0.10390798753729025
0.41424849191157248 0.066699498804598439
0.43988336882226492 0.084710917261347746
0.4423897481100702 0.056298262911628927
0.42565692340682654 0.16920671738509971
0.20540100255850827 0.023533323972337698
0.39761895718564161 0.065581853288430553
-0.060677749621521219 0.042988566740059193 0.099148094350274954
-0.11021076174274069 0.11545628555446996 0.32142791885255778
-0.079320591208739882 0.24010627433487505 0.82950839036996105
-0.6652451099868294 0.16092829771365716 0.72385315551105456
-0.022215218244693569 0.017219587948867444 0.035915711488516508
-0.51514158720879999 0.034217806600871273 0.10856167874531311
-0.60522834914142132 0.1290192593905318 0.5244446676719734
-0.70427601272777696 0.10448737425554815 0.45325755437748627
-0.1855004242682376 0.15141551243816895 0.46415944398523129
-0.10713794590542994 0.039843274595647425 0.093330294204633027
-0.079349507282971299 0.015221467321615044 0.032664205955854335
-0.16255095497124977 0.027187554677792415 0.064011880445790148
-0.07063203949133369 0.041729949278057898 0.09630140132457192
-0.057254827578574648 0.074387991629355762 0.18689102449266093
-0.57302477818461506 0.031130925550372768 0.10366235566136507
-0.45163166132522525 0.044198622359965044 0.1352540802104252
-0.31627976237812849 0.032675924183275612 0.087375545402626417
-0.61188057790033823 0.077716359469721621 0.29355593501866767
-0.011702629679370248 0.017664326954738071 0.037002819675171036
-0.12779570643494489 0.044144155190932018 0.10587288423634486
(sin((1.300000 * X1)) - cos((0.700000 * X2)))
2
1.3 0.69999999999999996
-0.50664197971167613 -0.37403142111061527 -0.35552196968379368 -0.01057468544510165 -0.64819468044611206 -0.12983895210690244 -0.045660515784978317 -0.02428529670389068 -0.27156911630026115 -0.42561419993710603 -0.49076338042702011 -0.36320437976826825 -0.48681442376015382 -0.49002455481941892 -0.10955861028686131 -0.15156044446963812 -0.23177697955037424 -0.068803010048786972 -0.70502810061218013 -0.39388297437084541
0.32070015225742005 0.1226993357080859
0.36617641358764358 0.25974887068309915
0.33050913287621597 0.49149945767079123
0.39633464570162669 0.31887362972111727
0.242886430149892 0.067568975712040583
0.41506647610172342 0.077980483833655412
0.40562867643017375 0.26163688160654264
0.38147514808628574 0.2308564741793411
0.40428522794964006 0.29895445820308447
0.36883004431886268 0.10051520150635158
0.34570129038419978 0.042720567154005074
0.40142976759081284 0.064683503246947369
0.33370263432663161 0.11511153357750217
0.31326164431239956 0.20432309042076388
0.40358712155179088 0.073216246441307309
0.42485616766163842 0.097045538754680041
0.4311951221077101 0.071993222035344598
0.39984170470302238 0.17150671767233941
0.19937032450966302 0.083474243577577378
0.38265538109032177 0.10684319608672962
-0.05805286683979051 0 0.17016291755129886
-0.10003160356695016 0 0.34756535044665943
-0.065243528705911713 0 0.61432319712579686
-0.5895298553915127 0 0.41973527865548466
-0.021687750097365257 0 0.094988194362947032
-0.50101683571878641 0 0.10934742123740665
-0.5489158830181976 0 0.34991161248640723
-0.64656939457727169 0 0.31132276790327684
-0.16573192530974393 0 0.39572450846361318
-0.10334627380577477 0 0.14016878822817064
-0.078160077206749626 0 0.060416746122849169
-0.15885687136207513 0 0.090995397864587824
-0.067766812058903073 0 0.15994287386158718
-0.05310959998218643 0 0.27748693709328753
-0.55827703738448198 0 0.10278603355392101
-0.43620311751959595 0 0.13544631835927057
-0.30827633628820578 0 0.10109913087095061
-0.57477127679304651 0 0.23491886739314843
-0.011359034511663899 0 0.1168939877951487
-0.12298637643863478 0 0.14875991730733773
(((1.200000 * sin((0.800000 * X1))) * cos((1.400000 * X2))) + exp((0.300000 * X3)))
4
1.2 0.80000000000000004 1.3999999999999999 0.29999999999999999
1.5378686510506445 1.368135318283167 1.3463726761030208 1.5551012307945047 1.3625412019004319 1.7101616968645663 1.7528827690728723 1.8105840707076193 1.4255055267544035 1.4986824672146415 1.5617031810470698 1.5437937642971251 1.4269971388338065 1.3561846283665049 1.8893380487035945 1.6551861212941712 1.6509295574206873 1.7645039249751098 1.4494400844751063 1.6725205020990528
0.23539838966396279 0.34332809901990186 -0.079837004623170962 0.95178167738562069
0.21986043800743804 0.31649493651249283 -0.19209077758923795 0.36520831638979978
0.10401958795168328 0.15135114954002543 -0.2858191444814619 0.81485418429359635
0.34826031212444492 0.4451101432732279 -0.41389617993028233 0.48732068326991729
0.18507779068188795 0.27369031469975308 -0.032335167709331439 0.49959613865154229
0.51588279766363732 0.67309808413927741 -0.10529150211026932 0.31710527628577695
0.38457903135788191 0.49621826815366421 -0.33949067731601112 1.1007685515603973
0.43137800364316314 0.54398171706143861 -0.32001007179243751 1.1072282483622256
0.23938425331463001 0.33842502076418773 -0.25728030696322945 0.49129321386146607
0.29546111594105101 0.4249131825862435 -0.079858392480989165 0.51349949544284756
0.29418071617994274 0.42628271638747972 -0.031589943995513931 0.76362418764308604
0.36019422262749501 0.51013918683793735 -0.060041910839923218 0.39188095071417806
0.25089422298700598 0.36475842427782523 -0.079072435477486713 0.4451306856346719
0.19832552867542308 0.28974531187455305 -0.12514176535945706 0.41639635363249961
0.53852826811656929 0.69334138114768651 -0.10262292720631701 0.90171284269547358
0.47841318911110703 0.63367148287654118 -0.12431785071819715 0.28097559711778919
0.44357380980404243 0.60539084025914347 -0.082997601659321713 0.41805307580762707
0.46285020659496989 0.59361529611290043 -0.23400949269960439 0.76519996476326035
0.14562811822928673 0.21644561108128865 -0.032024040258718849 1.0312218568180378
0.30987287492952004 0.44315642871407623 -0.089720067560618996 1.1397445167763007
0 0.28610674918325152 -0.0665308371859758 0 -0.036433485347251507 -0.097035098200421305 0 -0.050240673293299086 0 0.72159881820577576
0 0.26374578042707736 -0.16007564799103163 0 -0.049458785033804457 -0.23043314434952469 0 -0.10103028597435484 0 0.12077947755368673
0 0.12612595795002121 -0.23818262040121824 0 -0.017438531272551478 -0.34656177848853448 0 -0.093227017495512141 0 0.54356169826208767
0 0.37092511939435657 -0.34491348327523524 0 -0.28137172367624685 -0.44083257440672341 0 -0.19794137879503726 0 0.20883202208539717
0 0.22807526224979419 -0.026945973091109535 0 -0.014682311369120028 -0.039847308680449695 0 -0.02160932835463716 0 0.21885814514094074
0 0.56091507011606456 -0.087742918425224414 0 -0.36803577236284296 -0.11448257347653434 0 -0.069600943976394158 0 0.092159784277300164
0 0.41351522346138686 -0.2829088977633426 0 -0.29411700905505234 -0.36503436705249986 0 -0.17804864293238659 0 0.93828614516324294
0 0.45331809755119878 -0.26667505982703127 0 -0.37447696987424889 -0.33628593882169644 0 -0.1755407213732971 0 0.94819824104357919
0 0.28202085063682308 -0.2144002558026912 0 -0.076557669086387337 -0.30310436052996015 0 -0.12723555987336149 0 0.21205377083903235
0 0.35409431882186959 -0.066548660400824314 0 -0.067981614429490814 -0.095706005163153668 0 -0.051520656901972224 0 0.23046501076439849
0 0.35523559698956642 -0.026324953329594947 0 -0.055825999613321763 -0.038146187009923629 0 -0.021652698731372051 0 0.48244270619910068
0 0.42511598903161435 -0.050034925699936013 0 -0.11181657015394289 -0.070863924812195375 0 -0.040245834521872241 0 0.13815770918062178
0 0.30396535356485432 -0.065893696231238919 0 -0.04316948244858046 -0.095798462479517468 0 -0.050190496706403444 0 0.17598107399349092
0 0.24145442656212757 -0.10428480446621421 0 -0.028885479003239772 -0.15235574257962109 0 -0.071193687950190071 0 0.15505889340813672
0 0.57778448428973872 -0.085519106005264162 0 -0.4172263023909662 -0.11010366322937493 0 -0.068178508283270961 0 0.65407718713630136
0 0.52805956906378437 -0.10359820893183094 0 -0.30753926803505255 -0.13721868914015475 0 -0.08050951489839743 0 0.073025617367486417
0 0.50449236688261956 -0.069164668049434774 0 -0.22087490541599958 -0.094396142380880621 0 -0.055211021053255566 0 0.15623276496502983
0 0.49467941342741706 -0.19500791058300365 0 -0.36671064977210954 -0.25010181898090078 0 -0.13890286949058656 0 0.48427664452216684
0 0.18037134256774054 -0.026686700215599046 0 -0.007473451287065995 -0.039664174790846531 0 -0.021045570436748678 0 0.83425897214070699
0 0.36929702392839686 -0.074766722967182495 0 -0.080445825608420743 -0.10692563505059102 0 -0.057479104417444221 0 0.99872720614976529
sin(exp(cos((0.500000 * X1))))
1
0.5
0.4499135521447129 0.46711470490312118 0.45309400099187297 0.5970220902410478 0.4310448255154592 0.57751396496524532 0.58818859206138785 0.60913017163471972 0.48982551528904678 0.46835903454788563 0.45853273708363501 0.48760798628198976 0.45418238493949176 0.44765169420704914 0.59024146106136088 0.56256000030403897 0.53081171060220922 0.59383375522825932 0.4239392026189211 0.47548329526225508
0.15323131659599515
0.21837044327883362
0.16538194330221048
0.65684503873366673
0.080187777814987982
0.59789790980141033
0.63049660531104468
0.6920033099592352
0.30212194042862384
0.22302685866477071
0.18604914090090333
0.29406173019490206
0.16952906619796387
0.14456126618025533
0.63667131172309133
0.55088755422988078
0.44620126503915963
0.64740170117523399
0.052269146410998155
0.24953787895169183
0.28008792080581046
0.38109670807192825
0.29982482090167617
0.62393059290546937
0.1534436596376311
0.65283618692265621
0.64017632013059644
0.5929534334299067
0.49212702763851035
0.38784964852768833
0.33247025838755495
0.48244544944303708
0.30646987772866752
0.26576424737582471
0.63687172263912883
0.65809435768702351
0.62320338006715292
0.63040486103569049
0.10163780293253796
0.42503831016890808
tanh(sin(log((1.800000 * X1))))
1
1.8
-0.39908613617806343 -0.2418389601853283 -0.36793150678772146 0.36286233205965962 -0.60211051381503067 0.3112585597577206 0.34049323254053065 0.39113499991222062 -0.073190006453632217 -0.23150857220341384 -0.3168633819339256 -0.087923738194330817 -0.35748924926422493 -0.42182129928649492 0.34583207886692791 0.26568082526241921 0.14639297634262632 0.35496760130517185 -0.68317834077721196 -0.1749127631670481
0.42332368918374857
0.5068928809566754
0.44311469228923545
0.44618374434548802
0.2541366216960681
0.47502036960795868
0.45922183053046961
0.42852659021279871
0.55109223663565554
0.5109559131734972
0.47210049947939692
0.54911477890017268
0.44939063228215564
0.40787126198354479
0.45618481890784995
0.49684268662193137
0.53770694777219241
0.45087928328809412
0.16299434127349138
0.53008137024045987
0.044600032713798116
-0.077914414657284561
0.023950134094263761
-0.51615390726097665
0.11784557161606614
-0.50917346287922227
-0.51433540098050856
-0.51567329451905519
-0.23895818173812039
-0.087263833651617315
-0.014155889590755888
-0.22463102361330881
0.016567840366614118
0.058282005262985805
-0.51494107400944811
-0.49523891922157204
-0.42976752285270936
-0.51572907033235582
0.11495869918845691
-0.14021376388402643
(sinh((0.700000 * X1)) * cosh((0.500000 * X2)))
2
0.69999999999999996 0.5
0.25972007441336264 0.32258854614198812 0.28972867310471012 0.64274466310946021 0.18315990100192117 0.57429708034045002 0.61696971071335915 0.65812249882659268 0.38992361185113472 0.31701037650160352 0.28414121086033922 0.36784439202204994 0.27378640951508437 0.25556142712330143 0.60041745505962063 0.54445400663816768 0.47241442972828362 0.61880767205258447 0.14745732025224598 0.33779367159450169
0.3788121898936983 0.022760161691582344
0.47486556902437466 0.059866635698184553
0.42329984261539277 0.10192856215926474
1.0170276201504567 0.14647938847608696
0.26447622850457608 0.008839030335583295
0.89858461069788054 0.031985043368875025
0.97127774054224403 0.11533171663913747
1.0487239784396711 0.10853748770542899
0.58107279306798931 0.083301510458496417
0.46696666130528963 0.022757702997388472
0.41634685474663691 0.0086697963502956367
0.54751047875728431 0.01699360275007428
0.40024078330939905 0.022508999935331103
0.37229677260537608 0.037299718669904107
0.94633800414419167 0.031396856215046634
0.84468362881091275 0.03773634098578945
0.72000982482017317 0.024290723654717704
0.97734727241372765 0.075804335855107041
0.21212268718423136 0.0087910837838424388
0.49949475851207159 0.025776400372815964
0.033498202554381289 0.033196612592220079 0.046193007185747828
0.06047335339409092 0.088126513995572642 0.12352992866802864
0.040476691505755731 0.14891982853363167 0.21638985349110906
0.43274663483664894 0.23177723972413375 0.30443167653562625
0.012108470204787324 0.012763237990438131 0.01782116602416613
0.34142423835745289 0.050045993141280172 0.064568313926484197
0.39320328462324483 0.18156341746598845 0.23803217450311245
0.4760938919100845 0.17295543932813659 0.22317491314721233
0.10391815122802163 0.12413775385159448 0.17270750677613031
0.060783173664098022 0.033522841444321369 0.046065234873305508
0.044934021434167852 0.012703692050899539 0.017428130900335497
0.095159536351968138 0.025293781227325451 0.034250513568130136
0.039256974046367431 0.032905284749467363 0.045641664315166232
0.031018087142349271 0.054337483696997445 0.076449901231568168
0.38764593785337215 0.049485633697972736 0.063344812236086651
0.29166034453634726 0.058545385015609255 0.076352632962124412
0.19602993191723886 0.037021645789795027 0.049000644404427397
0.40856156100654206 0.11972566635991432 0.15475518156516391
0.0063061030224680669 0.012646291905348628 0.017758265926002749
0.073078599309744155 0.038115506482862584 0.052215169757244197
(asin((0.300000 * X1)) + atan((1.200000 * X2)))
2
0.29999999999999999 1.2
0.57644749005101803 0.7689939258802585 0.91595704385859711 0.93902924815316857 0.43537917768004603 0.61597258922843234 0.88237257801516278 0.86793176747742873 0.8294060998371523 0.56076590747646471 0.40846537391764759 0.50419150889875031 0.56942377449954384 0.68551887939653089 0.61510826950445019 0.64371426229520023 0.56326628129202927 0.78674198366180281 0.456674045062476 0.58082476906303004
0.36123796618167281 0.335742503867071
0.43666908384161451 0.39886974122507607
0.37614420432737095 0.41639093790114301
0.84658624248922965 0.40915488067632982
0.25788452215748214 0.27359377813756308
0.79253759861243456 0.2885844185750463
0.82224891409983758 0.39929874859933767
0.87965425159047339 0.39126780185545057
0.52255002467644596 0.40635088733649444
0.44170758225888362 0.31523494679348524
0.4005283854412896 0.22756216574576393
0.51464720350860682 0.26906525040713325
0.38112981331469459 0.32925591775358171
0.35030385294255556 0.38227103135820734
0.82792320557300525 0.28197191660704107
0.75021902017639031 0.31156461208482711
0.65654494496489357 0.2802091759378057
0.83782517559455216 0.36767683422215541
0.20719761588543367 0.2957426691385921
0.46972001005443048 0.32158174256911248
0.014141693494134145 0 -0.11409306580374882
0.02497920370257789 0 -0.23628439930434228
0.015965568165777475 0 -0.35961391477290477
0.18202660735507034 0 -0.27651098799458351
0.0051451386955572807 0 -0.056037213730563383
0.14934162708498358 0 -0.067019073215335873
0.16677508878849576 0 -0.23768022517762843
0.2042007218533313 0 -0.21395812378907261
0.042806022208714843 0 -0.26374212838201266
0.02585388529801709 0 -0.090913810734065514
0.019276188056624705 0 -0.030780073433446267
0.040893106772036308 0 -0.053018561596361473
0.016608867526551416 0 -0.10623147544656567
0.012896028878215237 0 -0.19182041676428485
0.1702516858672016 0 -0.06198003629308832
0.12667341134708995 0 -0.087244669092669341
0.084901358669464799 0 -0.060689738471619806
0.17643367219864223 0 -0.1622514295145194
0.0026685510564773557 0 -0.072846103577675583
0.031091268353154778 0 -0.097581300715642152
(cbrt((1.500000 * X1)) + log1p((0.400000 * X2)))
2
1.5 0.40000000000000002
0.96955817205986505 1.0871595195424484 1.1214842249074344 1.3148458821126934 0.84548234826429525 1.1755386475864313 1.2838198350891752 1.2939746567179311 1.154324276023194 1.0111733107125158 0.93624973661332123 1.0289155298454455 0.97943712336552535 1.0033193986968532 1.1863604130929937 1.1711940463073456 1.1097990964459865 1.2505374927543573 0.80691945062936465 1.0329845673931493
0.18081615790936792 0.36085702380685342
0.19244372620305467 0.49603447446970711
0.18323994839844843 0.64221247919369473
0.23814992144499955 0.53965692485564498
0.16175624330673763 0.27732488213905537
0.23326210800584321 0.29565244803242768
0.23598086470127791 0.49752325293433453
0.24101767047744613 0.47231328846316217
0.20406563992029872 0.52560536885349574
0.19316846182823316 0.33076298574842222
0.18706451664927473 0.22533834063958053
0.20305605087198092 0.27194851280355437
0.18403569332425146 0.35097504823006886
0.17899374599650045 0.4487626628617401
0.23649115040833063 0.2874615072125295
0.22924714564092211 0.32569550508217626
0.21969378862371824 0.28530724185509382
0.23737494385465041 0.41672643375616975
0.15042973598829054 0.30472989595304656
0.19709443263673357 0.3397345420448134
-0.080362736848607924 0 -0.13021779163073999
-0.085530544979135398 0 -0.24605019986243853
-0.081439977065977068 0 -0.4124368684321118
-0.10584440953111091 0 -0.29122959654465119
-0.07189166369188342 0 -0.076909090253440948
-0.10367204800259694 0 -0.08741037002756738
-0.10488038431167902 0 -0.2475293872103618
-0.10711896465664277 0 -0.22307984245888626
-0.090695839964577196 0 -0.27626100376761936
-0.085852649701436926 0 -0.10940415274121099
-0.083139785177455419 0 -0.050777367762199627
-0.090247133720880404 0 -0.073955993616064974
-0.081793641477445084 0 -0.12318348448009918
-0.079552775998444625 0 -0.20138792757875984
-0.10510717795925804 0 -0.082634118128899162
-0.10188762028485419 0 -0.10607756203073392
-0.097641683832763629 0 -0.081400222254961005
-0.10549997504651132 0 -0.17366092059113536
-0.066857660439240268 0 -0.092860309487554582
-0.087597525616326055 0 -0.11541955905839911
